CMo16S32_e64a03
time                          T                             E_tot                         E_kin                         E_pot                         V                             MSD                           P_internal                    
0                             299.99999999999983            -344.54886503064137           1.9001213393563943            -346.4489863699978            2546.49892674665              0.0                           0.017471269418179326          
250.0                         577.6333877904797             -346.59759961285533           3.6585784215513946            -350.25617803440673           2546.49892674665              0.015613163881367662          0.008496090626370172          
500.0                         480.7234975940778             -347.7248970887593            3.0447765870285               -350.76967367578777           2546.49892674665              0.03379262300428159           0.002760600242769779          
750.0                         333.41524447585437            -348.62929887892403           2.111764736317668             -350.7410636152417            2546.49892674665              0.03527926635743226           0.002116262889793649          
1000.0                        267.64045063710773            -349.3551720896964            1.6951644384351012            -351.0503365281315            2546.49892674665              0.03535107249538451           0.001646280252693026          
1250.0                        276.0073979341806             -349.0487487257294            1.7481584887832293            -350.79690721451266           2546.49892674665              0.03793724206051614           0.0020543776478534497         
1500.0                        274.95883532956566            -349.47619576084105           1.741517168180963             -351.217712929022             2546.49892674665              0.035429323145080155          0.0052201630053124405         
1750.0                        265.6792137371747             -349.4278884445474            1.682742478151448             -351.1106309226989            2546.49892674665              0.03097818041276649           0.005703902926331846          
2000.0                        235.11550729874634            -349.38943939714073           1.4891599754398408            -350.8785993725806            2546.49892674665              0.03145370487263915           0.005878110537686537          
2250.0                        309.1619750736311             -349.1552561801544            1.9581508871832547            -351.1134070673377            2546.49892674665              0.028192697711541183          0.004501343981309727          
2500.0                        307.9088492889257             -348.93751500800226           1.9502139170352               -350.8877289250375            2546.49892674665              0.03165577053968559           0.004827326792644739          
2750.0                        296.4643750560909             -349.07469132817585           1.8777276180101206            -350.95241894618596           2546.49892674665              0.03285667621616048           0.0011913606801659201         
3000.0                        291.0275035728261             -349.39050256339743           1.8432918995944882            -351.2337944629919            2546.49892674665              0.031183660966171988          0.0019076934269813205         
3250.0                        313.8060129154541             -348.84890440314973           1.9875650051966764            -350.83646940834643           2546.49892674665              0.036622726707645464          0.002431879619765398          
3500.0                        331.87635488336315            -348.7838822804939            2.102017813138981             -350.88590009363287           2546.49892674665              0.030292527066500746          0.0032060755424910222         
3750.0                        324.82978533068695            -348.84953637115666           2.057386689217984             -350.90692306037465           2546.49892674665              0.0331656796264592            0.004663542241429646          
4000.0                        367.44121441201344            -348.88812878409635           2.3272763082109846            -351.2154050923073            2546.49892674665              0.03635156966857842           0.004852298393038158          
4250.0                        314.25726972393113            -348.9249951953163            1.9904231475010665            -350.91541834281736           2546.49892674665              0.03138322107077729           0.004725668495836358          
4500.0                        284.0246250994004             -349.2099946288471            1.798937503513569             -351.00893213236066           2546.49892674665              0.02884106781775104           0.003961529487436986          
4750.0                        314.6376692860548             -349.25087997627014           1.9928324985859769            -351.2437124748561            2546.49892674665              0.03758909016853145           0.005407906993959918          
5000.0                        308.5414836747402             -348.7700755633937            1.9542208573568558            -350.72429642075053           2546.49892674665              0.03266993619075275           0.0058060063763109735         
5250.0                        304.0980195231233             -349.1509643373542            1.9260771205063478            -351.07704145786056           2546.49892674665              0.032977864806822764          0.00681941878378227           
5500.0                        351.4520668706132             -349.08371336673395           2.226005240072543             -351.3097186068065            2546.49892674665              0.03445725693194528           0.0038941175478742645         
5750.0                        299.1085276257128             -349.14518350925              1.894474987083629             -351.03965849633363           2546.49892674665              0.03415897374630877           0.004125051524611877          
6000.0                        322.34673684621               -349.03143778179157           2.041659711177947             -351.0730974929695            2546.49892674665              0.041103681259233804          0.005923343535863444          
6250.0                        249.0113022443583             -349.53393908447794           1.5771722971181008            -351.11111138159606           2546.49892674665              0.035131625746926194          0.004619571401312482          
6500.0                        277.27827626474976            -349.2004773553054            1.7562078989020298            -350.9566852542074            2546.49892674665              0.030286155725902066          0.004562772922190706          
6750.0                        252.80952837548364            -349.2724526333422            1.6012292655296088            -350.8736818988718            2546.49892674665              0.035283598341301584          0.0023678555794949875         
7000.0                        231.79306148347425            -349.44542071496573           1.468116474798328             -350.91353718976404           2546.49892674665              0.04242345127739992           0.0033152417380223633         
7250.0                        291.11786646284503            -349.6135363543071            1.8438642344465246            -351.4574005887536            2546.49892674665              0.032369394131877505          0.006090487702515982          
7500.0                        251.43564627456496            -349.35755076491773           1.592527456537224             -350.95007822145493           2546.49892674665              0.028897999674092952          0.006379150114950573          
7750.0                        272.3168873710055             -349.26560423376026           1.7247837625358657            -350.99038799629614           2546.49892674665              0.034416970604307255          0.005087363042845342          
8000.0                        274.26264665727433            -349.4282374771474            1.737107691672833             -351.16534516882024           2546.49892674665              0.03230799298755911           0.004167748655638724          
8250.0                        313.7651774656856             -348.74134176293944           1.9873063641649853            -350.7286481271044            2546.49892674665              0.04242314059454356           0.004973465118137147          
8500.0                        324.5976740089308             -349.047287873485             2.0559165569660673            -351.10320443045106           2546.49892674665              0.03499134702250092           0.004652012415247204          
8750.0                        305.37739566017433            -348.9379310040153            1.934180353503261             -350.8721113575186            2546.49892674665              0.035046851495851614          0.003174671117047452          
9000.0                        359.5612689639724             -348.4935398067091            2.2773667998816944            -350.7709066065908            2546.49892674665              0.03943246638126307           0.0019076734026407755         
9250.0                        251.67087791545953            -348.9873109888861            1.5940173520724095            -350.5813283409585            2546.49892674665              0.03321274986666925           0.0007864140033146784         
9500.0                        274.4119030053517             -348.9556207196595            1.7380530422462204            -350.69367376190576           2546.49892674665              0.03209733064785552           4.8439600587424934e-05        
9750.0                        306.0404885266827             -348.6295597704147            1.9383802098553529            -350.56793998027              2546.49892674665              0.03575254335786038           0.0014860628162887276         
10000.0                       285.97250264191405            -349.0052998092328            1.8112748491301802            -350.816574658363             2546.49892674665              0.03338418058199976           0.0039247351422046755         
10250.0                       255.13477518514026            -349.05316061626036           1.6159567691372718            -350.6691173853976            2546.49892674665              0.0349417466446505            0.003335729514927655          
10500.0                       280.3061029681735             -349.2665577092842            1.7753853593388582            -351.0419430686231            2546.49892674665              0.03534270899906806           0.0050080006621278615         
10750.0                       286.8602281918377             -348.78546108846444           1.8168974699998526            -350.6023585584643            2546.49892674665              0.03385465570984538           0.004898514374019722          
11000.0                       282.53373997723247            -349.249376477342             1.789494628063035             -351.03887110540506           2546.49892674665              0.03320877438726834           0.004074138680425161          
11250.0                       311.63218722978706            -349.2094912208649            1.97379656328542              -351.1832877841503            2546.49892674665              0.031377456772734166          0.004879997264955516          
11500.0                       351.982275012238              -348.5889066785312            2.2293634394198825            -350.8182701179511            2546.49892674665              0.03249176181290757           0.005198844386220997          
11750.0                       307.9592887271078             -348.87062893762095           1.9505333872113164            -350.82116232483224           2546.49892674665              0.02652926823432406           0.006219942658868383          
12000.0                       248.49779029488002            -349.0478693975111            1.5739198470740403            -350.6217892445851            2546.49892674665              0.0332579013627043            0.004670871248308575          
12250.0                       274.36391017265714            -349.52652146020785           1.7377490682277568            -351.2642705284356            2546.49892674665              0.032283189396175624          0.0032439583774154317         
12500.0                       270.48660974679456            -349.64820367549294           1.713191263966833             -351.3613949394598            2546.49892674665              0.035022488367049714          0.002864566233532768          
12750.0                       253.41484842522098            -349.4151139171274            1.6050632040084294            -351.0201771211359            2546.49892674665              0.030142133101147585          0.001891298505397477          
13000.0                       271.8017439591756             -349.65125446944853           1.7215209792370425            -351.37277544868556           2546.49892674665              0.031144309032483896          0.003335161694605524          
13250.0                       315.846382989335              -349.42769345861257           2.0004881742552274            -351.4281816328678            2546.49892674665              0.027361965509316143          0.0034038344203087528         
13500.0                       347.824547610513              -348.732102690725             2.2030294842224007            -350.9351321749474            2546.49892674665              0.03516939960272828           0.004135053744765049          
13750.0                       360.2070581670247             -348.65337328509537           2.281457059366513             -350.9348303444619            2546.49892674665              0.036820923410749905          0.004622468369585987          
14000.0                       287.8357470018688             -348.9401732443043            1.823076150359465             -350.7632493946637            2546.49892674665              0.031239236414826538          0.005346409374535725          
14250.0                       274.235836191367              -349.00133331472847           1.736937881211538             -350.73827119594              2546.49892674665              0.03235986457843979           0.006121876723471326          
14500.0                       293.50945502729286            -348.8309332576929            1.8590119293340845            -350.689945187027             2546.49892674665              0.033004291692134036          0.0065284452439186395         
14750.0                       225.31801264646052            -349.3439821445827            1.4271052132363793            -350.77108735781906           2546.49892674665              0.03449604473165023           0.004689695058185652          
15000.0                       253.7046149307674             -349.54488865029526           1.606898509077161             -351.1517871593724            2546.49892674665              0.03169086397727861           0.004005803179216236          
15250.0                       320.28328720499695            -349.27050337352665           2.028590362191426             -351.2990937357181            2546.49892674665              0.030089597240881193          0.005450919204239627          
15500.0                       347.7259353724214             -348.61740421996416           2.2024049001626693            -350.8198091201268            2546.49892674665              0.03578609441823868           0.004818088368814879          
15750.0                       315.25676563088933            -348.8596166242877            1.9967536925057687            -350.85637031679346           2546.49892674665              0.030238537097018067          0.002507647773295704          
16000.0                       337.94197125726913            -348.9379893024294            2.1404358368336758            -351.07842513926306           2546.49892674665              0.032491711631889894          0.0049942961746058745         
16250.0                       266.368265330153              -349.1348007222884            1.6871067502705668            -350.82190747255896           2546.49892674665              0.037874025412774494          0.004368433840436098          
16500.0                       332.2179726836712             -349.00279092423006           2.104181530713212             -351.1069724549433            2546.49892674665              0.032812938556816496          0.006212270874555486          
16750.0                       353.9796269834381             -348.8115492203202            2.242014143095492             -351.0535633634157            2546.49892674665              0.031759660939131594          0.0042352216952919386         
17000.0                       279.77040745880623            -349.1415512453265            1.771992404443038             -350.91354364976957           2546.49892674665              0.02836879571599945           0.003534179089895173          
17250.0                       290.8466663144969             -348.9174594156306            1.842146523816148             -350.75960593944677           2546.49892674665              0.03377715723319426           0.003547412205761328          
17500.0                       242.92959006863825            -349.1289889452559            1.53865232683507              -350.667641272091             2546.49892674665              0.03373345747203219           0.002925627588627579          
17750.0                       254.23588257912027            -349.0980592775723            1.6102634190623109            -350.70832269663464           2546.49892674665              0.033992989013365754          0.0056859273427922455         
18000.0                       348.8369840601738             -348.6917506444549            2.209441991231543             -350.9011926356864            2546.49892674665              0.030201294791719156          0.005626088796654844          
18250.0                       297.79742885080964            -348.4669319473157            1.8861708312163044            -350.353102778532             2546.49892674665              0.0419178015353374            0.00459524108934275           
18500.0                       328.29067497722724            -348.73007230248703           2.0793070567864804            -350.8093793592735            2546.49892674665              0.03407193141870764           0.00439188514991215           
18750.0                       273.8224880292441             -349.4336360164198            1.7343198423334258            -351.16795585875326           2546.49892674665              0.03191536668258228           0.0038797058771571527         
19000.0                       271.60340772354687            -349.37415506792036           1.7202647695247566            -351.0944198374451            2546.49892674665              0.03158791158161924           0.0036554327410756554         
19250.0                       319.41974375355477            -349.2866524000907            2.023120904392937             -351.30977330448366           2546.49892674665              0.03106102958718873           0.0025272574639287823         
19500.0                       310.79658938947006            -349.0297624998406            1.9685041056603985            -350.998266605501             2546.49892674665              0.029455050167259612          0.003295201868397516          
19750.0                       351.6048545426361             -348.73874917136277           2.2269729571258807            -350.96572212848866           2546.49892674665              0.031061884939251702          0.003132047487760312          
20000.0                       349.95527569816846            -348.97417034451286           2.2165249572481347            -351.19069530176097           2546.49892674665              0.03184824072441199           0.0037260639892348554         
20250.0                       277.26306171936676            -349.3706564669986            1.7561115339608604            -351.12676800095943           2546.49892674665              0.030670515692398325          0.002904880733494465          
20500.0                       261.89146960178147            -349.3248004838557            1.6587518999525055            -350.9835523838082            2546.49892674665              0.03274958668103788           0.00237332840525057           
20750.0                       226.61068377364842            -349.3291041430261            1.4352926532148447            -350.76439679624093           2546.49892674665              0.030556569823673857          0.0046962642743226144         
21000.0                       256.628782133223              -349.3166538437398            1.6254194174146008            -350.9420732611544            2546.49892674665              0.02898970031663254           0.004905524195166775          
21250.0                       336.98803886265915            -348.7489921227148            2.134393879169336             -350.88338600188416           2546.49892674665              0.029419778940172524          0.004794956022547256          
21500.0                       276.489652150703              -348.8881984746501            1.7512129605425923            -350.6394114351927            2546.49892674665              0.03185912035219509           0.0020827816637078657         
21750.0                       296.3257295484509             -349.2469010978424            1.8768494737178785            -351.12375057156027           2546.49892674665              0.03174795291122367           0.00105599818879793           
22000.0                       263.8885689896847             -349.510420298002             1.6714010038317406            -351.18182130183374           2546.49892674665              0.03201488553803321           0.003078522943815257          
22250.0                       311.78521930541837            -349.05435978519927           1.9747658283271299            -351.0291256135264            2546.49892674665              0.0411613054580148            0.0032479573159706135         
22500.0                       280.08055669761615            -349.21757584051267           1.773956808399864             -350.99153264891254           2546.49892674665              0.03201451533095141           0.005279452624288683          
22750.0                       277.2771451858115             -349.12059712418943           1.756200734944606             -350.87679785913406           2546.49892674665              0.04030709161835489           0.005549960184204998          
23000.0                       319.6337867854312             -348.7934571870967            2.0244765968343               -350.817933783931             2546.49892674665              0.027840621264761892          0.006139685788788728          
23250.0                       278.3368299403146             -348.9733553922072            1.7629125003280128            -350.73626789253524           2546.49892674665              0.03719981563642057           0.004458666085892032          
23500.0                       300.1811827073655             -349.04099523597125           1.9012689031183538            -350.9422641390896            2546.49892674665              0.029772336854580195          0.004063483763865178          
23750.0                       296.18648836984687            -349.1532746764975            1.8759675566019363            -351.02924223309947           2546.49892674665              0.02932788804299067           0.0033414199348439887         
24000.0                       273.62485142440875            -348.9781300301981            1.7330680638991407            -350.71119809409726           2546.49892674665              0.03763996827041161           0.0018510885631616665         
24250.0                       263.5586889638267             -349.0132844393755            1.6693116302432065            -350.68259606961874           2546.49892674665              0.03166242483007369           0.0023542409586237907         
24500.0                       330.7033393817339             -349.0227473940573            2.0945882405188425            -351.11733563457614           2546.49892674665              0.03510725569873649           0.003360871482734501          
24750.0                       257.45266401903206            -349.1885172266536            1.6306376692557176            -350.81915489590926           2546.49892674665              0.02966745946857812           0.0052729873356167955         
25000.0                       294.6316499958224             -349.4452188789304            1.8661196180228226            -351.3113384969532            2546.49892674665              0.0320210266166298            0.005966337209182502          
25250.0                       302.49093728031716            -348.75046159342605           1.9158982829608253            -350.6663598763869            2546.49892674665              0.032829561225060415          0.005532518492500087          
25500.0                       341.87966950863523            -348.4590486325285            2.165376185084899             -350.6244248176134            2546.49892674665              0.02853163183650589           0.005363220349833581          
25750.0                       336.4106844072973             -348.93250676342416           2.1307370674326513            -351.06324383085683           2546.49892674665              0.0362540537800441            0.005025073408398698          
26000.0                       288.61705971268356            -348.8304576750596            1.8280247802078966            -350.6584824552675            2546.49892674665              0.029190876628962595          0.004348555460687572          
26250.0                       315.6457401049584             -349.10151703666213           1.9992173548345809            -351.1007343914967            2546.49892674665              0.033406339721824295          0.003056782383123616          
26500.0                       264.1633739337162             -349.656813420335             1.67314154629279              -351.32995496662784           2546.49892674665              0.030703549562361487          0.0037790061699450824         
26750.0                       305.0474392799245             -349.1451262168523            1.9320904963060295            -351.07721671315835           2546.49892674665              0.03295452769149435           0.0032387646147876837         
27000.0                       296.264051507482              -349.14496897484145           1.876458821178496             -351.02142779601996           2546.49892674665              0.041584064182491734          0.0034505283695980267         
27250.0                       265.37267692058674            -349.36090479164966           1.680800954329791             -351.04170574597947           2546.49892674665              0.03645424748606238           0.002961066194325702          
27500.0                       254.09617036565066            -349.0306251845056            1.6093785185350364            -350.64000370304063           2546.49892674665              0.042032728951319126          0.0048105609742393725         
27750.0                       290.2585854072634             -349.06560769722984           1.8384217735458068            -350.90402947077564           2546.49892674665              0.03440369950532456           0.00552347571041326           
28000.0                       305.22746448296056            -348.88003589035407           1.9332307287390653            -350.81326661909316           2546.49892674665              0.03791543085543725           0.005842170089080708          
28250.0                       312.1744337068808             -349.1599751993559            1.977231010293142             -351.1372062096491            2546.49892674665              0.03651716415747803           0.005572248950054451          
28500.0                       346.1097859541558             -348.9104918267263            2.1921686335052195            -351.1026604602315            2546.49892674665              0.03362670868257132           0.00536058993183923           
28750.0                       313.8780486773675             -349.2363418231207            1.9880212608247045            -351.22436308394543           2546.49892674665              0.036371435425495945          0.0012129744207158794         
29000.0                       282.2103930551391             -348.7730871669746            1.7874466334407524            -350.5605338004154            2546.49892674665              0.03839389509396349           0.002108353080882476          
29250.0                       302.49579354929546            -349.1734681999006            1.91592904129521              -351.0893972411958            2546.49892674665              0.033896991018044116          0.0033920508024066908         
29500.0                       277.90773097799166            -349.2914167125143            1.7601947000113278            -351.05161141252563           2546.49892674665              0.02984706903822295           0.003540843379786165          
29750.0                       340.83929639143935            -348.5724181149497            2.158786734548644             -350.73120484949834           2546.49892674665              0.03206380556646417           0.0030334247780357307         
30000.0                       383.2731429241691             -348.559220506874             2.427551592241358             -350.98677209911534           2546.49892674665              0.02692960414442639           0.003815482677945223          
