CMo16S32_f328bf
time                          T                             E_tot                         E_kin                         E_pot                         V                             MSD                           P_internal                    
0                             300.00000000000006            -344.5488650306413            1.9001213393563958            -346.4489863699977            2546.49892674665              0.0                           0.017471269418179305          
250.0                         597.7503696634202             -346.03482176390776           3.785994110018795             -349.82081587392656           2546.49892674665              0.01760206037766008           0.0052245962936442155         
500.0                         434.23329686753556            -346.64809273639986           2.7503198454569495            -349.3984125818568            2546.49892674665              0.02233404982312407           0.010240615846417929          
750.0                         361.4513567618196             -347.165005737448             2.2893381204081833            -349.45434385785614           2546.49892674665              0.023705005753468872          0.00790876798477665           
1000.0                        373.6847933121965             -347.82843378114444           2.366821499884962             -350.1952552810294            2546.49892674665              0.022007471009932316          0.005123072090788601          
1250.0                        306.24037798637966            -348.5191497240661            1.9396462572816282            -350.45879598134775           2546.49892674665              0.024088907578728207          0.0036869580289120673         
1500.0                        316.9260381852912             -348.48156319981746           2.0073264271785054            -350.48888962699596           2546.49892674665              0.021371223768034745          0.003484182825103904          
1750.0                        328.6309908524513             -348.67011530584085           2.081462528308597             -350.75157783414943           2546.49892674665              0.02333510238750349           0.003787377131310781          
2000.0                        285.9884367300616             -348.7857987934175            1.8113757714665546            -350.597174564884             2546.49892674665              0.025510331999045347          0.0045322658141054226         
2250.0                        256.75518732847235            -348.93324576581216           1.626220034777597             -350.55946580058975           2546.49892674665              0.022025906834156665          0.005891289549199401          
2500.0                        244.52694058525464            -349.31630198352286           1.5487695261785859            -350.86507150970147           2546.49892674665              0.024723772025209652          0.004774245296618771          
2750.0                        280.7464911152923             -349.0212031995328            1.7781746623919918            -350.7993778619248            2546.49892674665              0.021749231513405964          0.005832021867756279          
3000.0                        309.5327917892328             -348.73632195413626           1.9604995430309375            -350.6968214971672            2546.49892674665              0.021664251705139737          0.007114950611215883          
3250.0                        283.47869751498206            -348.56631950916517           1.7954797413372472            -350.36179925050243           2546.49892674665              0.02102710610967943           0.007598288878827488          
3500.0                        317.14364342422294            -348.8217626173771            2.0087046817053387            -350.83046729908244           2546.49892674665              0.020953291618371193          0.006518203170691659          
3750.0                        272.9996629945028             -348.7311858303666            1.729108284309864             -350.46029411467646           2546.49892674665              0.027052690815741996          0.006423448070929393          
4000.0                        340.69413158032665            -348.30950246186603           2.157867298697581             -350.4673697605636            2546.49892674665              0.019561148430033048          0.004993059144434333          
4250.0                        224.86512930941765            -348.80750723512654           1.4242367689265323            -350.23174400405304           2546.49892674665              0.023573430126589495          0.005365136009265027          
4500.0                        276.0031183316436             -348.75895680054776           1.748131382902881             -350.50708818345066           2546.49892674665              0.02287133205786854           0.005693009186427084          
4750.0                        274.68931835805984            -348.80514170068966           1.739810118351373             -350.54495181904105           2546.49892674665              0.02117783054409971           0.007264422208645903          
5000.0                        281.21850107848064            -348.85511734335876           1.7811642497368019            -350.63628159309553           2546.49892674665              0.024011501603597163          0.00905686660861188           
5250.0                        241.3764311751123             -348.7274935889222            1.5288150256450705            -350.2563086145673            2546.49892674665              0.023401221630178812          0.008600693792228038          
5500.0                        290.3619752708951             -348.64021715908075           1.8390766178330056            -350.4792937769138            2546.49892674665              0.019992982576844277          0.006944223173684327          
5750.0                        272.2994792829966             -348.6968608694455            1.7246735042708548            -350.4215343737164            2546.49892674665              0.02525698920055279           0.005369411505136912          
6000.0                        265.4852395032419             -348.6785356307884            1.681513896214178             -350.3600495270026            2546.49892674665              0.02417519606726093           0.005182719295099276          
6250.0                        295.31277508414803            -348.36127230102187           1.8704336857398176            -350.2317059867617            2546.49892674665              0.027342583290679744          0.006832407683519657          
6500.0                        275.49787768823296            -348.55111294839867           1.7449313211426987            -350.29604426954137           2546.49892674665              0.02186486647068536           0.007438898069649274          
6750.0                        316.19557253400035            -348.60978265226436           2.00269984927289              -350.6124825015373            2546.49892674665              0.023862521401688448          0.008526880112710309          
7000.0                        266.2444952253538             -348.84579536914475           1.6863228228795553            -350.5321181920243            2546.49892674665              0.02296002581186403           0.007504674972570875          
7250.0                        300.6239279016468             -348.7984074040418            1.9040731350901918            -350.702480539132             2546.49892674665              0.021666061560448688          0.007632436511229401          
7500.0                        323.3956566919982             -348.9081600234636            2.0483032944521358            -350.95646331791573           2546.49892674665              0.02344131291303493           0.006792268198938499          
7750.0                        276.98460765543535            -348.6063810709532            1.7543478789311717            -350.3607289498844            2546.49892674665              0.02188095997116434           0.009394265627435136          
8000.0                        245.61447914233554            -348.70146747836213           1.5556577102441935            -350.2571251886063            2546.49892674665              0.02188765057671836           0.0060249720284718524         
8250.0                        270.2313455968305             -348.689646048394             1.7115744877717687            -350.4012205361658            2546.49892674665              0.023883009110269256          0.003447004784638262          
8500.0                        253.7799055466528             -348.8483974169196            1.607375380096818             -350.45577279701644           2546.49892674665              0.021352070011313038          0.0014954682320292001         
8750.0                        277.47761351339295            -348.92382916446616           1.7574704487682815            -350.68129961323444           2546.49892674665              0.0197729217997138            0.0034005585124750044         
9000.0                        241.6765719138311             -349.1374864348649            1.5307160383865699            -350.6682024732515            2546.49892674665              0.021323428062465552          0.003757592376811669          
9250.0                        297.10014250479503            -348.7975352148319            1.8817544023306234            -350.6792896171625            2546.49892674665              0.023450738824879677          0.004255825289784097          
9500.0                        323.67050471486726            -348.3448050179794            2.0500441097632467            -350.39484912774265           2546.49892674665              0.021632557636283082          0.00565117617916436           
9750.0                        254.41441572277157            -348.77381803403864           1.611394201182425             -350.38521223522105           2546.49892674665              0.021856795023103066          0.00611122726116152           
10000.0                       253.55071701371608            -349.1626507517782            1.605923760022922             -350.7685745118011            2546.49892674665              0.021618095118001678          0.006743199138355878          
10250.0                       208.18789323655136            -349.28954974058325           1.318607528448074             -350.6081572690313            2546.49892674665              0.021098320322639117          0.006185595097443492          
10500.0                       289.7991971237859             -348.8924449801013            1.8355121286108538            -350.72795710871213           2546.49892674665              0.02129598226104639           0.007295445430326085          
10750.0                       309.80129252482214            -348.85355132859155           1.9622001562886915            -350.81575148488025           2546.49892674665              0.021690875644938105          0.00707101280033014           
11000.0                       238.184325279472              -349.15341534354053           1.5085970638790989            -350.66201240741964           2546.49892674665              0.02219569877542914           0.007711374375860044          
11250.0                       253.44491189278656            -349.09142011391856           1.605253618129284             -350.6966737320478            2546.49892674665              0.02262262636453305           0.007178758684140678          
11500.0                       273.7451705468838             -348.52286325473415           1.7338301336729656            -350.2566933884071            2546.49892674665              0.023589522594340395          0.005833085902393773          
11750.0                       319.1709417731333             -348.45226153173195           2.02154505788536              -350.4738065896173            2546.49892674665              0.022939419869610102          0.004009095572529506          
12000.0                       312.05949066968697            -348.570772082527             1.9765029912338672            -350.5472750737609            2546.49892674665              0.020093750867850032          0.005512722171764997          
12250.0                       299.2578978140487             -348.69256858523124           1.895421058691365             -350.5879896439226            2546.49892674665              0.023026437047374955          0.004757113155185216          
12500.0                       364.4244775006973             -348.13564862690515           2.3081690876095986            -350.44381771451475           2546.49892674665              0.023696507651227862          0.005642055520436082          
12750.0                       287.0124831500632             -348.1623918423805            1.8178618129836763            -349.98025365536415           2546.49892674665              0.022248040444733122          0.00648484872856701           
13000.0                       308.5915754022132             -348.1977098373422            1.9545381252245113            -350.1522479625667            2546.49892674665              0.02505406182846385           0.00665387390204187           
13250.0                       277.63018921209186            -348.455473836402             1.7584368232381649            -350.2139106596402            2546.49892674665              0.023435316808517615          0.008226197878612349          
13500.0                       288.87401057304817            -348.74073455305484           1.8296522395843793            -350.5703867926392            2546.49892674665              0.021970251856433694          0.006302579974466195          
13750.0                       300.71247443790236            -348.67931636761114           1.9046339656337428            -350.5839503332449            2546.49892674665              0.021483576941800992          0.007542148214705069          
14000.0                       258.6379660986028             -348.91625912139904           1.6381450618389704            -350.55440418323803           2546.49892674665              0.02333973801992189           0.00700792493277184           
14250.0                       278.7394800390961             -348.7935713858055            1.7654627804779752            -350.5590341662835            2546.49892674665              0.02521541695174365           0.007188898281367467          
14500.0                       289.604916290754              -348.5856333006011            1.8342816047552806            -350.4199149053564            2546.49892674665              0.024908560483670742          0.00645457452096335           
14750.0                       233.08304378227587            -349.41579926714115           1.4762868844428112            -350.89208615158395           2546.49892674665              0.0199253770472164            0.005857388884235531          
15000.0                       292.0605982348342             -348.601727025806             1.8498352503040105            -350.45156227611              2546.49892674665              0.026759224503591257          0.0055180025922426865         
15250.0                       248.79909464610594            -348.93579433770844           1.575828229832058             -350.5116225675405            2546.49892674665              0.019557860779541365          0.006690108224508479          
15500.0                       238.37953198605524            -348.81539710286336           1.5098334519749799            -350.32523055483836           2546.49892674665              0.019647121422103737          0.009441988175499157          
15750.0                       309.57497575014645            -348.91621196593394           1.9607667251786396            -350.8769786911126            2546.49892674665              0.0202798818842492            0.008321317917382243          
16000.0                       293.841947208886              -348.679810206741             1.8611178476321322            -350.5409280543732            2546.49892674665              0.023525218069461847          0.007286275034788888          
16250.0                       259.72630481157626            -348.92058013408433           1.645038313882199             -350.56561844796653           2546.49892674665              0.021893528913629362          0.006581827945349562          
16500.0                       320.8771053077674             -348.71915345882576           2.032351450353994             -350.75150490917974           2546.49892674665              0.02303827360031978           0.005433544684235626          
16750.0                       326.82998477946984            -348.571360719949             2.0700554280699883            -350.64141614801895           2546.49892674665              0.023466148112813265          0.005184400751528934          
17000.0                       276.89700799895684            -348.594195870355             1.7537930456758546            -350.3479889160309            2546.49892674665              0.021228227934964206          0.0036981409691765            
17250.0                       287.0453179103342             -348.4715205394972            1.8180697797458882            -350.2895903192431            2546.49892674665              0.02636930990856879           0.0051701065987225184         
17500.0                       341.50750062038014            -348.4039677591863            2.1630189649301723            -350.5669867241165            2546.49892674665              0.019608061069256957          0.006006151116705209          
17750.0                       280.1477527533924             -348.50270768060545           1.774382410598201             -350.27709009120366           2546.49892674665              0.02471569089976655           0.006405427544178285          
18000.0                       297.94154220222833            -348.7067969333654            1.8870836073973605            -350.59388054076277           2546.49892674665              0.019552065328029753          0.010270659525486142          
18250.0                       338.6453642741449             -348.38304832257785           2.1448909437714088            -350.5279392663493            2546.49892674665              0.019905456515853025          0.0074930578872273905         
18500.0                       363.1461683217218             -348.46044664480115           2.3000726124453768            -350.76051925724653           2546.49892674665              0.0203896517778018            0.008122855208199987          
18750.0                       331.3184242240418             -348.70702905192013           2.0984840266334555            -350.8055130785536            2546.49892674665              0.02133123101091164           0.004835965282358255          
19000.0                       255.19826350508524            -348.95695774411365           1.6163588875090296            -350.5733166316227            2546.49892674665              0.02509130848388454           0.004736238774161155          
19250.0                       301.97415147731               -348.7986079367292            1.9126250971869243            -350.71123303391613           2546.49892674665              0.020420487669616242          0.005583085101768561          
19500.0                       281.83257853112553            -348.6342956459052            1.7850536553094292            -350.4193493012146            2546.49892674665              0.027198386051347258          0.007579596944640959          
19750.0                       272.5393299152579             -348.6389146792093            1.7261926552862479            -350.3651073344955            2546.49892674665              0.022981804495697873          0.00658841580744576           
20000.0                       287.9678354607844             -348.47878316115094           1.823912764024359             -350.3026959251753            2546.49892674665              0.02216936551218614           0.006032810997012013          
20250.0                       358.15137045893346            -348.2135274462707            2.2684368724291906            -350.48196431869985           2546.49892674665              0.021162288467700168          0.005796065440965239          
20500.0                       333.57946919282097            -348.4023104807913            2.1128048926148613            -350.51511537340616           2546.49892674665              0.018613412450842477          0.005645671494953382          
20750.0                       252.88618450348275            -348.4608825473072            1.6017147853449538            -350.06259733265216           2546.49892674665              0.024111783984769375          0.006621994822441556          
21000.0                       329.7205321523617             -348.1807198485822            2.0883633972221634            -350.2690832458044            2546.49892674665              0.02263778930575657           0.0062232608663208115         
21250.0                       277.9534942780358             -348.4187935093094            1.7604845527545718            -350.179278062064             2546.49892674665              0.02404293974532242           0.005462942509698546          
21500.0                       294.31154872982734            -348.657703377978             1.8640921805352486            -350.52179555851325           2546.49892674665              0.02201306171212941           0.0058155530923232725         
21750.0                       272.6608334437884             -348.7541213201016            1.7269622267774742            -350.48108354687906           2546.49892674665              0.02482358457218591           0.005254949233358331          
22000.0                       267.74859797470623            -348.9616157204013            1.6958494153149861            -350.6574651357163            2546.49892674665              0.02160137112426629           0.004932293758373933          
22250.0                       259.69621983517123            -348.94272459806143           1.644847763529995             -350.5875723615914            2546.49892674665              0.022394780044560452          0.004804725212541951          
22500.0                       281.0748798181726             -348.8019713630047            1.780254590331813             -350.58222595333655           2546.49892674665              0.02373584504851431           0.004022350418685878          
22750.0                       264.14201190596674            -349.0004059173615            1.6730062448101948            -350.6734121621717            2546.49892674665              0.022685981920127253          0.005948154087387252          
23000.0                       315.8655675740607             -348.93646752541616           2.000609684384641             -350.9370772098008            2546.49892674665              0.021193355468480155          0.005045848477373562          
23250.0                       277.62682452119964            -348.9035649527117            1.7584155121682825            -350.66198046487995           2546.49892674665              0.021485761562888846          0.0048215992141352705         
23500.0                       327.9096493284782             -348.5233448531991            2.0768937402330465            -350.60023859343215           2546.49892674665              0.0215503496560536            0.0036831227536775683         
23750.0                       309.7204409858448             -348.43592344828824           1.9616880638402558            -350.3976115121285            2546.49892674665              0.025233455831122905          0.004685768807575734          
24000.0                       266.0912455561198             -348.6135197557219            1.6853521796570194            -350.2988719353789            2546.49892674665              0.017412577389328707          0.0058072513070875145         
24250.0                       297.03798972365274            -348.44694521322845           1.881360742911461             -350.3283059561399            2546.49892674665              0.023567575262474078          0.008043155892361648          
24500.0                       330.5361072574405             -348.5245923027062            2.09352903609219              -350.6181213387984            2546.49892674665              0.0224919684860384            0.006511439201535431          
24750.0                       271.0325255810144             -349.16795199490934           1.7166489517204786            -350.8846009466298            2546.49892674665              0.021240123170900207          0.00591816755559036           
25000.0                       299.510741151543              -348.8621211760486            1.8970225020949885            -350.75914367814363           2546.49892674665              0.022947300747732106          0.004795970205422314          
25250.0                       258.92898902927095            -348.7527352837723            1.6399883247749856            -350.3927236085473            2546.49892674665              0.02077165533653755           0.004639225621081412          
25500.0                       309.0543945630028             -348.6260954205036            1.9574695004367757            -350.5835649209404            2546.49892674665              0.026379871313607303          0.0054756978490140785         
25750.0                       268.3554190387564             -348.9693835185444            1.6996928608248951            -350.6690763793693            2546.49892674665              0.02351229150874957           0.006932367834490851          
26000.0                       306.88251670571265            -348.56010258502164           1.9437133955597334            -350.50381598058135           2546.49892674665              0.022806831168795862          0.0072653405442038126         
26250.0                       243.45190600681184            -348.82989463657253           1.5419605390351019            -350.3718551756076            2546.49892674665              0.025963903268422628          0.006646929419535042          
26500.0                       283.40532243410706            -348.7021554430689            1.7950150028140888            -350.49717044588294           2546.49892674665              0.020545315549640793          0.006994194985049897          
26750.0                       280.83172823545397            -348.8917302670312            1.77871453196174              -350.67044479899295           2546.49892674665              0.01944052788070739           0.006142744645570182          
27000.0                       285.5823553962903             -349.0825645516364            1.8088037587738444            -350.8913683104102            2546.49892674665              0.02255683265943982           0.002921422387789549          
27250.0                       307.0369607837167             -348.62409896317183           1.9446916038542428            -350.5687905670261            2546.49892674665              0.022401826140489935          0.0029627883935937414         
27500.0                       315.571699003167              -348.66130582790953           1.9987483979095697            -350.6600542258191            2546.49892674665              0.024825360282281005          0.003989654472652972          
27750.0                       274.9854482764181             -348.8875035205541            1.7416857276083544            -350.62918924816245           2546.49892674665              0.02236688644091135           0.006194281878136452          
28000.0                       283.403997457091              -348.68245220600613           1.7950066107570808            -350.4774588167632            2546.49892674665              0.02381978567994317           0.00499099812899851           
28250.0                       299.99891896007625            -348.5738113097986            1.9001144923329691            -350.4739258021316            2546.49892674665              0.02221999863169276           0.004088829581313519          
28500.0                       367.9429924741455             -348.1951216566888            2.330454438889245             -350.52557609557806           2546.49892674665              0.025827796053296017          0.003929361282922899          
28750.0                       322.731722991368              -348.470936489459             2.0440981124771844            -350.5150346019362            2546.49892674665              0.023356055891006648          0.003950482604134486          
29000.0                       267.8081011633685             -348.607666598344             1.6962262929101095            -350.3038928912541            2546.49892674665              0.023882380209329004          0.004827922212663837          
29250.0                       232.7690784343481             -349.0001102657351            1.4742983102514244            -350.4744085759865            2546.49892674665              0.0205142405072805            0.00471009017734909           
29500.0                       239.2724919976042             -348.7864935867122            1.5154892265521003            -350.3019828132643            2546.49892674665              0.02195907577705164           0.0051260573738644505         
29750.0                       324.5891557134727             -348.6203418987883            2.0558626043161508            -350.67620450310443           2546.49892674665              0.02087919772090159           0.006116979250027792          
30000.0                       334.9572978495015             -348.41823142490944           2.1215316980566463            -350.53976312296606           2546.49892674665              0.024052903154025786          0.006871320619862141          
