CMo16S32_6215ab
time                          T                             E_tot                         E_kin                         E_pot                         V                             MSD                           P_internal                    
0                             300.0000000000001             -344.5488650306413            1.900121339356396             -346.4489863699977            2546.49892674665              0.0                           0.017471269418179322          
250.0                         329.2591840566287             -348.14890906225895           2.085441339350251             -350.2343504016092            2546.49892674665              0.005992823201131279          0.008043083380066127          
500.0                         298.207383254643              -348.08044846876913           1.8887673749192604            -349.9692158436884            2546.49892674665              0.005905790511096459          0.00910039737235914           
750.0                         270.7930752691083             -348.6068339823393            1.7151323362292505            -350.32196631856857           2546.49892674665              0.005427450962251856          0.011750932245368365          
1000.0                        286.5764670288375             -348.34324017386086           1.8151002011961954            -350.15834037505704           2546.49892674665              0.005505172553437286          0.01091946553197596           
1250.0                        287.61376363409414            -348.0916942975406            1.8216701659124954            -349.9133644634531            2546.49892674665              0.005962483992364433          0.00928196240714096           
1500.0                        243.9270874770616             -348.54050350388263           1.544970213874063             -350.0854737177567            2546.49892674665              0.012633065860425527          0.009795685043370183          
1750.0                        296.452135633353              -348.98943982621364           1.8776500967157015            -350.8670899229293            2546.49892674665              0.020711778632584197          0.006186977284138495          
2000.0                        289.9113697516233             -349.0598177230753            1.8362226006236722            -350.89604032369897           2546.49892674665              0.03034632660649455           0.004000024461437006          
2250.0                        391.27238359562244            -348.48667928428154           2.478216685236278             -350.96489596951784           2546.49892674665              0.033461077433987345          0.004532566188389746          
2500.0                        390.860708701762              -348.19943471876286           2.4756092444006064            -350.6750439631635            2546.49892674665              0.031099331969369176          0.005467496820588293          
2750.0                        276.1657298351618             -349.0997072319941            1.7491613215290804            -350.8488685535232            2546.49892674665              0.03464034966359468           0.0018355197989454242         
3000.0                        277.1138517332726             -349.4628953568858            1.7551664770321185            -351.2180618339179            2546.49892674665              0.03004526113836317           0.002075331722967469          
3250.0                        312.0223395412375             -348.80013032110423           1.9762676857273738            -350.7763980068316            2546.49892674665              0.0347174082889109            0.004731777351377447          
3500.0                        335.6848563892435             -349.1290482032948            2.126139863079962             -351.2551880663748            2546.49892674665              0.03829646292070705           0.004023768182062525          
3750.0                        305.67312549546               -348.5060325670959            1.9360534287389632            -350.4420859958348            2546.49892674665              0.04250734183546288           0.004029916654487971          
4000.0                        245.40022425571806            -349.20150143908245           1.5543006759704492            -350.7558021150529            2546.49892674665              0.04076360726135191           0.003980915384730261          
4250.0                        316.92242777990504            -348.785308648491             2.0073035598174456            -350.79261220830847           2546.49892674665              0.03840856278717079           0.004646495963803258          
4500.0                        350.00881802350244            -348.5933693868416            2.2168640802978876            -350.8102334671395            2546.49892674665              0.03451722070226862           0.006076540410093252          
4750.0                        299.1978770052114             -349.04792154634004           1.8950409026257746            -350.94296244896583           2546.49892674665              0.03341594711774101           0.003168249297154802          
5000.0                        361.35384706823095            -348.5154509265492            2.2887205195762435            -350.80417144612545           2546.49892674665              0.03438884562335876           0.002861367878919418          
5250.0                        320.6286878898541             -349.2771910889938            2.030778039564511             -351.3079691285583            2546.49892674665              0.033096476167956676          0.004572686671045885          
5500.0                        348.5888016087101             -348.3804965084424            2.2078700686579436            -350.5883665771003            2546.49892674665              0.03275558848592686           0.005187236258617079          
5750.0                        347.1272227046537             -348.6494093711115            2.1986128111087746            -350.8480221822203            2546.49892674665              0.028461716302925204          0.0054277266379769845         
6000.0                        310.33677322770166            -349.2434274895347            1.9655917506565412            -351.20901924019125           2546.49892674665              0.032834356982011474          0.00531839469693939           
6250.0                        309.39306331479236            -348.88836171215087           1.9596145395109374            -350.8479762516618            2546.49892674665              0.029241418260483133          0.003369233382025615          
6500.0                        239.59690689470574            -349.42865649402717           1.5175439854480595            -350.94620047947524           2546.49892674665              0.029502543022722552          0.0023593990768060557         
6750.0                        310.6427885173361             -349.02970337361546           1.9675299712632204            -350.9972333448787            2546.49892674665              0.031523140914525044          0.005241426144609459          
7000.0                        268.9190309006183             -349.35279817835203           1.7032626305776888            -351.0560608089297            2546.49892674665              0.029670917540961534          0.005338693002533941          
7250.0                        350.1130181551971             -348.3881332997085            2.2175240566105434            -350.60565735631906           2546.49892674665              0.044608527448950164          0.0037716252019186817         
7500.0                        344.145765415708              -348.65867657238084           2.1797290423850897            -350.8384056147659            2546.49892674665              0.0335019891739157            0.004167372636941007          
7750.0                        268.9741452572448             -349.5108792702796            1.7036117104614588            -351.21449098074106           2546.49892674665              0.0338623601252663            0.002965073544704173          
8000.0                        331.07952179271854            -348.68973714156886           2.096970881274184             -350.786708022843             2546.49892674665              0.0460101718067931            0.0026725146494902506         
8250.0                        309.6620115707497             -349.01431815391845           1.9613179872453619            -350.9756361411638            2546.49892674665              0.0355139842788846            0.0057665189074573775         
8500.0                        270.79966145738905            -349.1544427474145            1.7151740514189084            -350.8696167988334            2546.49892674665              0.02954886637474452           0.004402680182792671          
8750.0                        308.2886290736455             -349.180579127279             1.9526193426125409            -351.1331984698915            2546.49892674665              0.030205163194892016          0.002824277377115605          
9000.0                        263.947608338804              -349.41178126133616           1.6717749435888183            -351.083556204925             2546.49892674665              0.034626609336975284          0.002639005684595328          
9250.0                        282.74268447620915            -349.2168745958532            1.7908180277338575            -351.00769262358705           2546.49892674665              0.03286140821467912           0.004061560119146905          
9500.0                        283.2398349153031             -349.32040762741354           1.7939668482611668            -351.1143744756747            2546.49892674665              0.03341444755090707           0.005381842363986249          
9750.0                        274.79491462888836            -349.3585480483646            1.7404789374432321            -351.0990269858078            2546.49892674665              0.03624428239832485           0.005034898606026457          
10000.0                       250.4659249385253             -349.3885476738476            1.5863854958577635            -350.97493316970537           2546.49892674665              0.03289061295863299           0.003674404881477182          
10250.0                       338.98887333928053            -349.0148631516978            2.1470666401211638            -351.161929791819             2546.49892674665              0.029033468289698227          0.00530189571102718           
10500.0                       332.91266645080987            -349.0335951678173            2.1085815388840725            -351.1421767067014            2546.49892674665              0.03198873650586899           0.005639193654660566          
10750.0                       308.1452931631881             -348.9458600501552            1.951711490538687             -350.8975715406939            2546.49892674665              0.026990338697788437          0.005221915765693012          
11000.0                       285.68793525130013            -349.27246201126206           1.8094724738922119            -351.08193448515425           2546.49892674665              0.03136976944989114           0.004996671663180496          
11250.0                       321.8658251656118             -348.89859965553063           2.038613742689112             -350.93721339821974           2546.49892674665              0.035581404623738655          0.0015459616074815663         
11500.0                       328.1039774577171             -349.13185437143744           2.0781245636503933            -351.20997893508786           2546.49892674665              0.03194506830410869           0.0038305175629885983         
11750.0                       332.5382056669437             -349.1063751490506            2.106209802463485             -351.2125849515141            2546.49892674665              0.03086547705402351           0.0031712129662254136         
12000.0                       361.64899812218835            -348.6290655249562            2.29058992896277              -350.919655453919             2546.49892674665              0.03407982813137034           0.007500999645800564          
12250.0                       268.44570314998373            -349.3372855292606            1.7002646967127213            -351.03755022597335           2546.49892674665              0.03329642540035991           0.0030777977302640053         
12500.0                       335.9947958864063             -347.9926763678445            2.12810293858819              -350.1207793064327            2546.49892674665              0.03905344761188143           0.004902253678180541          
