CMo16S32_23a3fd
time                          T                             E_tot                         E_kin                         E_pot                         V                             MSD                           P_internal                    
0                             300.0000000000001             -344.54886503064125           1.900121339356396             -346.44898636999767           2546.49892674665              0.0                           0.017471269418179315          
250.0                         221.41776401280978            -348.8313177619008            1.4024020610443946            -350.23371982294515           2546.49892674665              0.0063089449304886795         0.008318022932322866          
500.0                         278.6014001338962             -348.3467063413592            1.7645882185632862            -350.1112945599225            2546.49892674665              0.006171393940773849          0.007892825339696267          
750.0                         262.0133489516142             -348.25023934573954           1.6595238517973192            -349.90976319753685           2546.49892674665              0.005972053386033768          0.00794235934961024           
1000.0                        252.72441165806393            -348.51262511184905           1.6006901585592581            -350.1133152704083            2546.49892674665              0.005367980574791491          0.009932149189768678          
1250.0                        310.1359139748348             -347.6511736114088            1.9643195608146096            -349.6154931722234            2546.49892674665              0.00717767439198216           0.010593111970928241          
1500.0                        401.0732142441697             -347.61350082906876           2.540292576765354             -350.1537934058341            2546.49892674665              0.005425377339840818          0.008955328943514152          
1750.0                        289.8454691751019             -348.4814003321538            1.8358052036512582            -350.31720553580504           2546.49892674665              0.006144710988203286          0.008237458608236296          
2000.0                        293.9002107254241             -348.17688897371414           1.8614868734690655            -350.0383758471832            2546.49892674665              0.005349482097629036          0.012299913898859462          
2250.0                        322.1293749178456             -348.09236276791563           2.0402829977164507            -350.1326457656321            2546.49892674665              0.006327045180258351          0.007327036430513423          
2500.0                        260.53466609693487            -348.4911414192562            1.6501582623095972            -350.14129968156584           2546.49892674665              0.006639500114805324          0.008530334598207437          
2750.0                        323.2358309142554             -347.25380469470673           2.0472909998825743            -349.3010956945893            2546.49892674665              0.008840415588066992          0.009017025804328017          
3000.0                        302.3361958133406             -348.172815943208             1.9149181910825408            -350.08773413429054           2546.49892674665              0.007051046855782732          0.009168541902513013          
3250.0                        331.2810357474396             -347.94474773100325           2.098247217825996             -350.04299494882923           2546.49892674665              0.005629957426418007          0.011164952112683653          
3500.0                        414.9241389506495             -347.63186053642727           2.628020702114024             -350.2598812385413            2546.49892674665              0.00571377828161372           0.006685223847881064          
3750.0                        297.67840416384826            -347.817944615378             1.885416960057619             -349.7033615754356            2546.49892674665              0.007033399278262809          0.010163034193943371          
4000.0                        313.0220294205533             -347.55025697880257           1.982599459302129             -349.5328564381047            2546.49892674665              0.00741836287758627           0.009655849812192042          
4250.0                        335.42411329347544            -347.85024541333786           2.124488384678766             -349.97473379801664           2546.49892674665              0.006661720276298721          0.009350085087602506          
4500.0                        332.96921242677683            -348.1502693017557            2.108939686269371             -350.2592089880251            2546.49892674665              0.013681760852185856          0.007589060077625418          
4750.0                        250.274771042201              -349.11440914144293           1.5851747771994071            -350.69958391864236           2546.49892674665              0.022370322201837097          0.0031255546705691653         
5000.0                        256.41035849889374            -349.5683166182001            1.6240359793859047            -351.19235259758597           2546.49892674665              0.028312862636102665          0.00592492480993984           
5250.0                        296.1472903684524             -349.21264139567893           1.8757192867389036            -351.08836068241783           2546.49892674665              0.039418090491689185          0.002702428085292008          
5500.0                        281.74688613312816            -349.411470843845             1.7845109021292445            -351.1959817459742            2546.49892674665              0.03291506625669589           0.005714883808878679          
5750.0                        316.10158329785094            -349.0837488934616            2.002104546095299             -351.0858534395569            2546.49892674665              0.03594554358606766           0.0046347510490335085         
6000.0                        309.4372874884321             -348.9884345480759            1.9598946438310985            -350.94832919190696           2546.49892674665              0.040168707396566784          0.0028972457208299427         
6250.0                        320.31635914077344            -349.0569058561775            2.028799831161102             -351.0857056873386            2546.49892674665              0.03630728913060523           0.003499862045291868          
6500.0                        322.40549861638846            -348.99339697308636           2.042031892822795             -351.0354288659092            2546.49892674665              0.03769916390886566           0.004126985559601276          
6750.0                        324.29974322550805            -348.6249900149271            2.0540295415019583            -350.67901955642907           2546.49892674665              0.03366387697008342           0.002575773075175525          
7000.0                        261.1472727241839             -349.25720550430964           1.6540383520598205            -350.9112438563695            2546.49892674665              0.032900384441594335          0.00526451248672424           
7250.0                        330.9172420156643             -348.8429797810716            2.0959430437164284            -350.93892282478805           2546.49892674665              0.03704705353197917           0.0026755593320556283         
7500.0                        334.9080973207492             -348.5862677895324            2.1212200748080132            -350.70748786434046           2546.49892674665              0.029628170882022832          0.003077317070600492          
7750.0                        295.47705147410414            -348.87838296693155           1.8714741693201777            -350.7498571362517            2546.49892674665              0.03324051193534414           0.0045818044070979275         
8000.0                        270.8495661490709             -349.1381096349726            1.715490134650904             -350.8535997696235            2546.49892674665              0.032811570939514936          0.0029429103945467563         
8250.0                        342.1103787024453             -348.6340316520033            2.1668374366260466            -350.8008690886293            2546.49892674665              0.03714157728680524           0.0024793912549402335         
8500.0                        314.1621767893584             -348.94690359852694           1.9898208537870545            -350.936724452314             2546.49892674665              0.035617891510922886          0.003717945148958473          
8750.0                        246.60620944242606            -349.0655966949469            1.5619390699311546            -350.6275357648781            2546.49892674665              0.032079460719758916          0.005434908338910204          
9000.0                        340.24373841617023            -348.6274957581518            2.155014626489868             -350.7825103846416            2546.49892674665              0.02996936497669977           0.0007074065320828816         
9250.0                        330.1258621323955             -348.96029845748706           2.090930651037307             -351.05122910852435           2546.49892674665              0.031232542138015712          0.005972158236950735          
9500.0                        262.56963305893436            -349.7243207395272            1.6630472094741988            -351.3873679490014            2546.49892674665              0.036305062733146536          0.003948940546013558          
9750.0                        283.44383094038596            -349.0832565762421            1.795258905595846             -350.87851548183795           2546.49892674665              0.031237411706254603          0.005134537579899712          
10000.0                       281.06046245854196            -348.74220372349953           1.7801632745561753            -350.5223669980557            2546.49892674665              0.03531629925707938           0.006243712286917399          
10250.0                       319.41882170877955            -349.0645808479759            2.023115064403093             -351.087695912379             2546.49892674665              0.03532417811852313           0.004797402064839221          
10500.0                       285.01280640336194            -349.10652819073204           1.8051963847896035            -350.91172457552165           2546.49892674665              0.03333076872133262           0.0051651849059434615         
10750.0                       295.48317032151846            -349.367935265414             1.871512924495325             -351.23944818990935           2546.49892674665              0.030832437104017046          0.003846327031406575          
11000.0                       308.7096872901343             -349.00709510685687           1.9552862149534131            -350.96238132181026           2546.49892674665              0.037279473438773525          0.0032462001364683794         
11250.0                       319.4644415080568             -349.41883327261723           2.0234040082501057            -351.44223728086735           2546.49892674665              0.03339899441407437           0.0030883921611771204         
11500.0                       286.8466303211351             -349.0360216832903            1.8168113446522134            -350.8528330279425            2546.49892674665              0.036015303100505845          0.003416672868719259          
11750.0                       277.8846853960929             -349.0116292538877            1.760048735338182             -350.77167798922585           2546.49892674665              0.03537250766837469           0.0024210851920345305         
12000.0                       328.82742689909713            -349.163984254971             2.0827067027220987            -351.2466909576931            2546.49892674665              0.029830237675941847          0.007307501523261508          
12250.0                       315.194010531101              -349.1956262829004            1.9963562181582315            -351.1919825010586            2546.49892674665              0.030949619076568412          0.004812178660233746          
12500.0                       300.3190829301229             -349.1631237441035            1.9021423269715647            -351.06526607107503           2546.49892674665              0.02752736585097536           0.0034656688480947453         
