CMo16S32_4b9a48
time                          T                             E_tot                         E_kin                         E_pot                         V                             MSD                           P_internal                    
0                             300.00000000000017            -344.5488650306413            1.9001213393563963            -346.4489863699977            2546.49892674665              0.0                           0.01747126941817934           
250.0                         278.58188271732047            -348.36616133611443           1.764464600364204             -350.1306259364786            2546.49892674665              0.005691375449658733          0.008469959008685546          
500.0                         285.21850587921597            -348.5789902008902            1.8064992313348194            -350.38548943222503           2546.49892674665              0.01170527367051558           0.009322815975911614          
750.0                         278.9155865536664             -348.90606827562993           1.7665781929657574            -350.6726464685957            2546.49892674665              0.014325544790910388          0.00773905292150969           
1000.0                        229.3053864590252             -349.0230751079316            1.452360193467196             -350.4754353013988            2546.49892674665              0.017010627373833482          0.007837557923354029          
1250.0                        317.28382825702744            -348.78031526051467           2.0095925756795583            -350.78990783619423           2546.49892674665              0.02429112134150203           0.005744215216311824          
1500.0                        310.4483813457164             -348.6724299336122            1.966298647212159             -350.63872858082436           2546.49892674665              0.024764383303669826          0.005170998511229446          
1750.0                        365.8475323142452             -348.65658475581824           2.3171823436705856            -350.97376709948884           2546.49892674665              0.028334333566679998          0.0043118419130906156         
2000.0                        295.57346386106286            -349.0071724378221            1.8720848200996396            -350.8792572579217            2546.49892674665              0.03080666838921359           0.003917625989558317          
2250.0                        247.93128177148344            -349.35406511719094           1.5703317306265965            -350.92439684781755           2546.49892674665              0.03774913204863084           0.004662846266019771          
2500.0                        368.28565424417724            -348.53282468144977           2.3326247686939747            -350.86544945014373           2546.49892674665              0.03171601076082206           0.005167147858282997          
2750.0                        308.47539328575607            -349.2052692075722            1.9538022581620722            -351.15907146573426           2546.49892674665              0.03326924295128296           0.005375853481140051          
3000.0                        376.96777776046395            -348.6052884205631            2.3876150625747226            -350.9929034831378            2546.49892674665              0.030651270281244317          0.004853793431063807          
3250.0                        357.5250289023321             -348.2230438871051            2.2644697892377774            -350.48751367634287           2546.49892674665              0.031568989767032034          0.0028511703645914435         
3500.0                        329.1145827515733             -348.79817878125067           2.0845254725988025            -350.88270425384945           2546.49892674665              0.02857187981631793           0.0033251979997472136         
3750.0                        259.66951123213215            -349.50024467444376           1.6446785982413983            -351.14492327268516           2546.49892674665              0.0320623960377379            0.004601325981969465          
4000.0                        211.07519593171622            -349.43968646487673           1.3368949466622873            -350.77658141153904           2546.49892674665              0.03414496125400817           0.004169469921221144          
4250.0                        284.4627337853188             -348.9636934559401            1.801712369057139             -350.76540582499723           2546.49892674665              0.03418393179964086           0.005686430421790391          
4500.0                        273.3454987915987             -349.1254480089905            1.7312987175697816            -350.85674672656023           2546.49892674665              0.031990178520974716          0.0034665328280508684         
4750.0                        311.52144863037915            -348.8643396565642            1.9730951740326685            -350.83743483059686           2546.49892674665              0.034076645346560366          0.0036507470856939994         
5000.0                        310.533631453278              -348.72835891170024           1.966838599040693             -350.6951975107409            2546.49892674665              0.03368110437455669           0.004624963195971416          
5250.0                        286.5865546296695             -349.1376431786795            1.8151640934148745            -350.9528072720944            2546.49892674665              0.028290232816380267          0.005476029163404263          
5500.0                        346.8586070222132             -348.6875580921264            2.1969114698078047            -350.88446956193417           2546.49892674665              0.03532373671204128           0.006736056027881877          
5750.0                        291.9437330900492             -348.8666107219338            1.8490950571192344            -350.71570577905305           2546.49892674665              0.03603694607444222           0.006117721966927974          
6000.0                        311.1131596344905             -349.2259390107585            1.9705091785869604            -351.19644818934546           2546.49892674665              0.03389755769517821           0.0037490239428049545         
6250.0                        268.44755148680974            -349.2135192094185            1.7002764035935396            -350.91379561301204           2546.49892674665              0.03347464225655678           0.0013319888607390556         
6500.0                        322.2244046783229             -349.07030987947985           2.0408848913023068            -351.11119477078216           2546.49892674665              0.03200692045617466           0.0036216613893050842         
6750.0                        317.06943871710746            -349.11971330470556           2.0082346885471023            -351.12794799325263           2546.49892674665              0.030885004529484422          0.005128833980189121          
7000.0                        363.8812924321307             -348.8761645492456            2.3047286958095876            -351.1808932450552            2546.49892674665              0.030441741930149206          0.0035884496477486196         
7250.0                        298.75625587884423            -349.6054847550113            1.8922437902053715            -351.49772854521666           2546.49892674665              0.02958130945308005           0.005571507555994889          
7500.0                        298.79203823092695            -348.65232463841875           1.892470426241254             -350.54479506466              2546.49892674665              0.036158086373172735          0.005935958000641203          
7750.0                        291.3813047279898             -348.8305286843215            1.845532783343873             -350.67606146766536           2546.49892674665              0.03576513309665229           0.005435508924693431          
8000.0                        330.02699333588487            -348.64121964225046           2.090304442003819             -350.73152408425426           2546.49892674665              0.039206707430908934          0.0026448308468623315         
8250.0                        305.94007670084517            -348.8514921367052            1.937744227678694             -350.7892363643839            2546.49892674665              0.036826085572433304          0.004044203580598395          
8500.0                        233.52315831219704            -349.90368590230565           1.4790744544763579            -351.382760356782             2546.49892674665              0.031267832091554586          0.002858783842594891          
8750.0                        266.14975141913266            -349.35438435505125           1.68572274045298              -351.04010709550425           2546.49892674665              0.033553592935398696          0.005626758023033632          
9000.0                        255.44143037495596            -349.3423086705325            1.6178990427039157            -350.9602077132364            2546.49892674665              0.031464926536238724          0.0034135826012806347         
9250.0                        331.30392806904325            -348.74337462619326           2.098392211788618             -350.8417668379819            2546.49892674665              0.0312810639734988            0.003616885117374098          
9500.0                        338.3823298604112             -348.7321601963632            2.1432249527630067            -350.87538514912626           2546.49892674665              0.03317265592806198           0.006254489617278226          
9750.0                        237.43066455183273            -349.2211801573054            1.5038235744416915            -350.7250037317471            2546.49892674665              0.03299848826889781           0.004985267809304582          
10000.0                       259.31260736697357            -349.30789130804266           1.642418062740443             -350.9503093707831            2546.49892674665              0.03297119595537537           0.003119302336045378          
10250.0                       293.9385549831076             -348.9692165242277            1.8617297359432863            -350.830946260171             2546.49892674665              0.028518124088466445          0.004107044022619691          
10500.0                       291.080484436531              -349.2703400218289            1.8436274664934986            -351.1139674883224            2546.49892674665              0.027906512894017754          0.004880403781941757          
10750.0                       296.04735385166833            -349.4473199234522            1.8750863150451624            -351.32240623849736           2546.49892674665              0.03218862811047223           0.004518943902320402          
11000.0                       279.8284558334147             -349.1779056598401            1.7723600676273994            -350.9502657274675            2546.49892674665              0.033510780255247695          0.0031541167561155822         
11250.0                       286.2198248238377             -349.09768353224354           1.812841322982078             -350.9105248552256            2546.49892674665              0.034760632838026745          0.00518161196977388           
11500.0                       311.6885720573566             -348.9745299389204            1.9741536899990226            -350.9486836289194            2546.49892674665              0.03371963871371825           0.00433080376033144           
11750.0                       273.42614994559165            -349.3195565775808            1.7318095408322671            -351.05136611841306           2546.49892674665              0.03800088403346452           0.002757501645279056          
12000.0                       304.1977989566021             -349.0896544728559            1.9267090972756211            -351.01636357013155           2546.49892674665              0.0326920628622039            0.004898836530582334          
12250.0                       371.7015058877792             -348.36976760434095           2.3542598773609202            -350.72402748170185           2546.49892674665              0.0348898550395439            0.005605132595295438          
12500.0                       322.9446685094817             -348.7401577900655            2.045446853554145             -350.78560464361965           2546.49892674665              0.03151229344652701           0.00602300075673767           
