CMo16S32_a4f783
time                          T                             E_tot                         E_kin                         E_pot                         V                             MSD                           P_internal                    
0                             299.9999999999999             -344.5488650306413            1.9001213393563947            -346.4489863699977            2546.49892674665              0.0                           0.01747126941817931           
250.0                         291.9996479940363             -348.1573321444471            1.849449207460081             -350.00678135190714           2546.49892674665              0.0056579551012854            0.008568474596269235          
500.0                         316.10351948552955            -347.83212829473354           2.0021168094003827            -349.8342451041339            2546.49892674665              0.006086126957189712          0.008804837183917062          
750.0                         367.87522109606857            -348.55925402489737           2.3300251927503064            -350.8892792176477            2546.49892674665              0.016565003671004563          0.00469296575972113           
1000.0                        316.23887400429356            -348.90416349506427           2.002974109431989             -350.90713760449626           2546.49892674665              0.023469620303383076          0.0054106359031630274         
1250.0                        320.6267129246863             -348.6869439525125            2.0307655306529777            -350.71770948316544           2546.49892674665              0.028480202392234637          0.005689120871336648          
1500.0                        286.7935731726696             -348.9055091789128            1.8164752945855311            -350.7219844734983            2546.49892674665              0.029804407358431564          0.003790588100468039          
1750.0                        294.6782427443518             -349.0559440331434            1.866414724275289             -350.9223587574187            2546.49892674665              0.031077493626941885          0.002842123336979115          
2000.0                        295.97523341197797            -349.4088370446572            1.8746295230902976            -351.2834665677475            2546.49892674665              0.04178104389242931           0.0033153556295479713         
2250.0                        343.3727574411449             -348.81020985165384           2.1748330125585564            -350.9850428642124            2546.49892674665              0.034032221397401675          0.004257445064762023          
2500.0                        291.4891115796324             -349.0276016588033            1.8462156036749895            -350.87381726247827           2546.49892674665              0.029879127960470445          0.006081777056441501          
2750.0                        310.0131320247341             -348.84592260417975           1.9635418921363625            -350.80946449631614           2546.49892674665              0.03306315631689628           0.0016006586807602644         
3000.0                        276.6235410510884             -349.1865936875144            1.7520609777316762            -350.9386546652461            2546.49892674665              0.02873022253967943           0.0016239593894757686         
3250.0                        311.77542923088293            -348.95684267955625           1.974703820562001             -350.93154650011826           2546.49892674665              0.03071965206975438           0.0059226065353383634         
3500.0                        299.662383860017              -349.3134416996065            1.897982967249419             -351.2114246668559            2546.49892674665              0.03054158773366355           0.004420567456835684          
3750.0                        341.98529696899004            -348.94493894884              2.16604520172304              -351.110984150563             2546.49892674665              0.032503768073308126          0.002202375707976694          
4000.0                        336.559119061195              -348.4160620242229            2.131677213610555             -350.54773923783347           2546.49892674665              0.031389870890177696          0.0038224388351731516         
4250.0                        331.52169498481703            -348.87803924512275           2.0997714903341764            -350.9778107354569            2546.49892674665              0.03388756858555575           0.005169727877114905          
4500.0                        292.10971645728125            -349.2300661926395            1.850146352246087             -351.0802125448856            2546.49892674665              0.03750037758074606           0.0058486538617480086         
4750.0                        357.9223312285358             -348.76071364532555           2.2669861979984294            -351.027699843324             2546.49892674665              0.03350639433312038           0.006677284037500324          
5000.0                        340.14019873202136            -348.15753838917675           2.1543588332787964            -350.31189722245557           2546.49892674665              0.03468267646435407           0.006109432877005709          
5250.0                        323.79830522214723            -348.8354141444521            2.050853564666791             -350.8862677091189            2546.49892674665              0.029292824316865935          0.004652596869834601          
5500.0                        354.5581573894763             -348.7845165446019            2.2456784029954244            -351.03019494759735           2546.49892674665              0.03159604823782984           0.005819758176699858          
5750.0                        310.7108206376328             -348.88616470930964           1.9679608688750119            -350.85412557818466           2546.49892674665              0.03528179907402433           0.001007616802181704          
6000.0                        308.3387516494783             -348.554170764226             1.9529368058656187            -350.5071075700916            2546.49892674665              0.04172731550364485           0.0045776817983366235         
6250.0                        284.61407490761206            -349.10948721767386           1.8026709240437777            -350.9121581417176            2546.49892674665              0.03621380105111964           0.002640685121020472          
6500.0                        270.37527324778097            -349.2543640404175            1.7124860877747499            -350.9668501281923            2546.49892674665              0.04137467514766589           0.005100924212015501          
6750.0                        262.3108571289075             -348.80367158788766           1.6614081905850129            -350.46507977847267           2546.49892674665              0.03139467010527086           0.00466801195929463           
7000.0                        282.38298435778296            -349.16596897071474           1.7885397814978887            -350.95450875221263           2546.49892674665              0.030355654301886793          0.0043885173120919154         
7250.0                        314.82318508087496            -349.1480710643847            1.9940075069877283            -351.1420785713724            2546.49892674665              0.041185770834908174          0.0029922263005786203         
7500.0                        319.8750863197558             -349.00124848580316           2.0260049248154566            -351.02725341061864           2546.49892674665              0.03706633126228022           0.00551791875843495           
7750.0                        270.8830626463304             -349.3055889908319            1.7157022926816923            -351.02129128351356           2546.49892674665              0.03441151656639808           0.0045919241279922885         
8000.0                        362.9859355055432             -348.7733752476027            2.2990577398010896            -351.0724329874038            2546.49892674665              0.03336911196595408           0.004329206933265309          
8250.0                        371.12283881986485            -348.36275802323024           2.3505947518804975            -350.71335277511076           2546.49892674665              0.03508502770472199           0.006380242117194213          
8500.0                        325.54622772630313            -349.09971001084745           2.061924447499084             -351.16163445834655           2546.49892674665              0.033566358585356865          0.00199911643868979           
8750.0                        284.99636173009145            -349.6635901566162            1.805092228540937             -351.46868238515714           2546.49892674665              0.03198120730787887           0.004232194041316574          
9000.0                        290.28856340002926            -349.31306037385906           1.8386116462916915            -351.1516720201507            2546.49892674665              0.03528441021848229           0.002946237184367194          
9250.0                        245.74984347103867            -349.83738035331004           1.5565150724093817            -351.3938954257194            2546.49892674665              0.03204715544977887           0.0051775178514629205         
9500.0                        350.90723398761736            -348.8019838938075            2.2225544114479985            -351.02453830525553           2546.49892674665              0.029500344883835915          0.004909172025342753          
9750.0                        221.03821441960673            -349.3881391888546            1.3999980934397642            -350.7881372822944            2546.49892674665              0.036487310236239405          0.006593904638768302          
10000.0                       340.0254641903642             -348.7748767931624            2.1536321347755827            -350.92850892793797           2546.49892674665              0.031479078884754506          0.002968228171547752          
10250.0                       275.50390192661865            -348.8817235127072            1.7449694770890654            -350.62669298979625           2546.49892674665              0.03992852337872819           0.005876986224083585          
10500.0                       318.3930949087959             -349.0467493500552            2.016618379799764             -351.063367729855             2546.49892674665              0.025773551035201847          0.0034684374882389007         
10750.0                       324.44776487892295            -348.6765026914199            2.0549670718430932            -350.73146976326296           2546.49892674665              0.03285635471780912           0.0018993473246079091         
11000.0                       335.729147230898              -349.05647339631423           2.1264203896578477            -351.18289378597206           2546.49892674665              0.03132206937068487           0.005317671557578469          
11250.0                       281.0866501747641             -349.3640727401466            1.780329140684251             -351.14440188083086           2546.49892674665              0.031837991621947725          0.005726371466479585          
11500.0                       360.59905616997685            -348.5290059546543            2.283939871934495             -350.81294582658876           2546.49892674665              0.03465704770525638           0.000855702897572299          
11750.0                       303.92597479856465            -349.0086230701887            1.9249874343314892            -350.93361050452023           2546.49892674665              0.030758420639535884          0.007687806050027886          
12000.0                       280.2943650666927             -349.00924650176455           1.775311014548582             -350.78455751631316           2546.49892674665              0.029264438204351022          0.004742288474159455          
12250.0                       328.9383810352666             -348.25648734537623           2.083409457128184             -350.3398968025044            2546.49892674665              0.03500173441031152           0.004330658783087551          
12500.0                       317.82681690748353            -349.1846145377666            2.013031723418758             -351.19764626118535           2546.49892674665              0.03320371826799548           0.004483125127621051          
