CMo16S32_38fa7a
time                          T                             E_tot                         E_kin                         E_pot                         V                             MSD                           P_internal                    
0                             300.00000000000006            -344.5488650306413            1.9001213393563956            -346.4489863699977            2546.49892674665              0.0                           0.017471269418179336          
250.0                         343.00642233382615            -347.60537171810614           2.1725127420426507            -349.7778844601488            2546.49892674665              0.007638185896469931          0.008878549755133962          
500.0                         311.5985024118938             -348.0601496731507            1.9735832124811152            -350.0337328856318            2546.49892674665              0.0066020558676390005         0.009192314441139217          
750.0                         306.4541542746638             -348.2248896503016            1.9410002602390186            -350.1658899105406            2546.49892674665              0.004940550605203661          0.01057533966363089           
1000.0                        321.1690932193551             -348.2428779586527            2.0342008252261334            -350.27707878387884           2546.49892674665              0.004913659574781162          0.007422765107537921          
1250.0                        280.04306056657873            -348.0338939462598            1.773719317737439             -349.80761326399727           2546.49892674665              0.007423828252755272          0.006603472120896091          
1500.0                        301.0946925120831             -347.68895589497845           1.9070548346972045            -349.59601072967564           2546.49892674665              0.006487053997381695          0.007467682692284437          
1750.0                        347.221495661373              -347.54626536425286           2.199209911298063             -349.7454752755509            2546.49892674665              0.006038162729035735          0.010481518481541205          
2000.0                        331.16206064852315            -348.2628164690399            2.0974936607449854            -350.36031012978486           2546.49892674665              0.00630003036467165           0.008684075453154206          
2250.0                        298.30907753835083            -348.5135200048054            1.8894114798478066            -350.4029314846532            2546.49892674665              0.011504352678176651          0.009121417070018295          
2500.0                        342.7268711951838             -348.1547342360299            2.170742138429398             -350.3254763744593            2546.49892674665              0.020055250409564997          0.005395186873745131          
2750.0                        307.4787179855336             -348.8891905795553            1.947489578140865             -350.83668015769615           2546.49892674665              0.024970758279500255          0.002594359975142037          
3000.0                        259.18904559966086            -349.2531536585048            1.6416354549044447            -350.8947891134092            2546.49892674665              0.030805651363085267          0.0052689636076217105         
3250.0                        319.1303433014052             -349.3469712567873            2.021287917810441             -351.36825917459777           2546.49892674665              0.027806617824759943          0.0041074976178568975         
3500.0                        340.781527198007              -349.0156950896663            2.15842083962465              -351.1741159292909            2546.49892674665              0.030735360683172973          0.004584069156496951          
3750.0                        279.32308724570765            -349.2790926420964            1.769159195501591             -351.04825183759795           2546.49892674665              0.03271619822066047           0.004438403255231509          
4000.0                        216.25932666417356            -349.5267487062502            1.3697298714314723            -350.89647857768165           2546.49892674665              0.030299745050084082          0.0028503827606635216         
4250.0                        351.8303701763235             -348.9645760332138            2.2284013140189742            -351.1929773472328            2546.49892674665              0.03484082978939801           0.004465015957028628          
4500.0                        365.94764519116586            -348.99519074424984           2.3178164323831902            -351.31300717663305           2546.49892674665              0.0333751477431661            0.00451941728365535           
4750.0                        311.0079317625511             -349.19745654336594           1.9698426928370698            -351.167299236203             2546.49892674665              0.030165385396864097          0.004263364783306024          
5000.0                        309.5205175047864             -349.00204266274824           1.960421800931598             -350.96246446367985           2546.49892674665              0.03128257921423815           0.0055850500216695935         
5250.0                        300.5192063285036             -349.3916578835826            1.9034098561041242            -351.2950677396867            2546.49892674665              0.02938457298036338           0.005456562736806177          
5500.0                        284.2190341756954             -348.9887486414207            1.800168839628345             -350.78891748104905           2546.49892674665              0.03714780394837925           0.005691498282288147          
5750.0                        353.1800004181977             -348.6379960222397            2.2369495180950603            -350.87494554033475           2546.49892674665              0.034278711465994004          0.005296682549189452          
6000.0                        276.7134814625309             -348.7120097359623            1.7526306367151843            -350.4646403726775            2546.49892674665              0.0318317511058719            0.007277031268852339          
6250.0                        311.50163749943175            -348.7418603280137            1.9729696955237688            -350.71483002353744           2546.49892674665              0.03715968501184274           0.002732569224697464          
6500.0                        257.67655175097804            -349.36534316607657           1.6320557154460198            -350.9973988815226            2546.49892674665              0.02883694294030405           0.004228775800594579          
6750.0                        352.51587121086595            -348.82821936788156           2.232743097831924             -351.0609624657135            2546.49892674665              0.032389081209261046          0.003727355986413047          
7000.0                        336.1141849673412             -348.9489000904235            2.1288591177227585            -351.07775920814623           2546.49892674665              0.03220273792681608           0.0024473658352624794         
7250.0                        376.0651272934324             -348.62652643751454           2.3818979111934335            -351.008424348708             2546.49892674665              0.031873680955597145          0.005712789209077195          
7500.0                        312.6571725909148             -349.1129338375106            1.9802885518094422            -351.09322238932003           2546.49892674665              0.03301760903640299           0.006191585811286197          
7750.0                        332.6114611012862             -349.1720686309498            2.1066737831768783            -351.27874241412667           2546.49892674665              0.032457025189572226          0.003941584917764166          
8000.0                        245.77980778997647            -349.7313357745246            1.556704858548825             -351.2880406330734            2546.49892674665              0.035062171958865046          0.003689313202435225          
8250.0                        306.6683080304571             -349.02782364647214           1.9423566539766395            -350.97018030044876           2546.49892674665              0.03596205097373413           0.004934429388350112          
8500.0                        312.5491995354058             -349.01714373363194           1.9796046787866153            -350.9967484124186            2546.49892674665              0.03961596658177222           0.005639355212119034          
8750.0                        321.1801053028424             -348.88197723740274           2.03427057287555              -350.91624781027826           2546.49892674665              0.03467834090309687           0.004254471870621545          
9000.0                        371.8846479798086             -348.709872696747             2.355419851351585             -351.0652925480986            2546.49892674665              0.03785565222831738           0.005002040247755771          
9250.0                        275.0222510523522             -349.24764653862985           1.7419188267413541            -350.9895653653712            2546.49892674665              0.032365336978194235          0.005408442535415511          
9500.0                        354.2825340904816             -348.34746886421334           2.2439326772886123            -350.59140154150197           2546.49892674665              0.031369211959597076          0.004792736188525424          
9750.0                        302.1965706952486             -348.94810651717705           1.9140338421945513            -350.8621403593716            2546.49892674665              0.03491107480721244           0.004635266993501748          
10000.0                       331.91507873672               -348.84937378881614           2.102263079872666             -350.9516368686888            2546.49892674665              0.03319818322628865           0.00387661698565296           
10250.0                       331.4466689046273             -348.8700580180676            2.0992962948142537            -350.9693543128819            2546.49892674665              0.02985869990825466           0.0037158789244338525         
10500.0                       300.7074364851072             -348.9448235444593            1.9046020565617006            -350.84942560102104           2546.49892674665              0.0335063463923885            0.0021547011182752192         
10750.0                       298.92196577426813            -349.205788883835             1.8932933532334966            -351.0990822370685            2546.49892674665              0.032399376226491146          0.002345865839556803          
11000.0                       315.4403138405801             -349.023381685341             1.9979162387392155            -351.0212979240802            2546.49892674665              0.03432712891177282           0.005594017211836783          
11250.0                       417.16706121792686            -348.656744203517             2.6422267836559286            -351.29897098717294           2546.49892674665              0.037392771268552435          0.0038887334272583608         
11500.0                       229.174264460043              -349.42548097358633           1.4515297011061121            -350.87701067469243           2546.49892674665              0.03754785815338763           0.007794033883438044          
11750.0                       300.701478202992              -349.1512192876319            1.9045643183650571            -351.0557836059969            2546.49892674665              0.03460580449773052           0.00598951391829906           
12000.0                       274.1836901079089             -349.0151736967189            1.7366076015917289            -350.7517812983106            2546.49892674665              0.04366566243096481           0.002910454274881574          
12250.0                       331.4217746943282             -348.48027225052743           2.0991386214135344            -350.579410871941             2546.49892674665              0.03610428726366              0.0017432843620310712         
12500.0                       346.2734075200188             -348.95666326229735           2.19320496960147              -351.14986823189884           2546.49892674665              0.03559698616293267           0.004536845752414853          
