CMo16S32_e9b776
time                          T                             E_tot                         E_kin                         E_pot                         V                             MSD                           P_internal                    
0                             299.99999999999994            -344.54886503064137           1.900121339356395             -346.4489863699978            2546.49892674665              0.0                           0.017471269418179326          
250.0                         272.599132574634              -348.23368683535006           1.7265714296503505            -349.9602582650004            2546.49892674665              0.0062006312394772105         0.01013510864589052           
500.0                         352.8209647503319             -347.7221810379471            2.2346754803147206            -349.9568565182618            2546.49892674665              0.006667435070756067          0.010589759494802682          
750.0                         337.4751232627507             -348.11437286524205           2.1374789440449415            -350.25185180928696           2546.49892674665              0.006667096617003924          0.007109630233584005          
1000.0                        323.0299038459418             -348.0701191152436            2.0459867118263952            -350.11610582707              2546.49892674665              0.006774038993262686          0.008410869396812527          
1250.0                        278.82976975547444            -348.4300743602415            1.766034651867358             -350.1961090121089            2546.49892674665              0.0071923190873617645         0.010513853993545756          
1500.0                        241.92079379089114            -348.2684198763419            1.532262875720368             -349.8006827520623            2546.49892674665              0.00738601770882048           0.008816732196778426          
1750.0                        342.02530343304846            -348.04469294419675           2.1662985921766054            -350.21099153637334           2546.49892674665              0.0057768106962500995         0.008383658821010382          
2000.0                        332.4479795893074             -347.70145793140415           2.105638334145208             -349.8070962655494            2546.49892674665              0.008299288351710723          0.007464662765896223          
2250.0                        278.99144969901863            -347.8137946709956            1.767058690236939             -349.5808533612325            2546.49892674665              0.009381246899797581          0.007509067249582379          
2500.0                        335.69869724280954            -347.6043630508404            2.1262275274173477            -349.73059057825776           2546.49892674665              0.0078023588105427585         0.01139938458209789           
2750.0                        326.7381265246176             -347.858196959852             2.069473621969186             -349.9276705818212            2546.49892674665              0.00919199193011376           0.005492244036737273          
3000.0                        397.1207613880178             -347.3660463889866            2.5152587767161063            -349.8813051657027            2546.49892674665              0.011092825855635563          0.008184318188052781          
3250.0                        293.11089441445233            -348.38309396835336           1.8564875509158005            -350.23958151926917           2546.49892674665              0.016092257797084897          0.004600710524548134          
3500.0                        274.2365415354114             -348.19667363615537           1.7369423486757722            -349.93361598483114           2546.49892674665              0.018299811206638324          0.00863986808450247           
3750.0                        331.2666768833016             -348.1932728766718            2.098156272545471             -350.29142914921727           2546.49892674665              0.016742168374666397          0.007602856176923319          
4000.0                        357.05723987790594            -348.1049688041996            2.261506936212348             -350.36647574041194           2546.49892674665              0.015455762075775864          0.007827629206156705          
4250.0                        269.81125991062993            -348.7272905908141            1.7089137751827421            -350.43620436599684           2546.49892674665              0.015573425953472135          0.006526596102443552          
4500.0                        273.6097935014491             -348.365108188362             1.7329726909633338            -350.0980808793253            2546.49892674665              0.017904279485472584          0.005730964494836295          
4750.0                        251.24245084553934            -348.4699742707019            1.5913038073460317            -350.06127807804796           2546.49892674665              0.019057839101182007          0.0075969139180581255         
5000.0                        358.87491435570416            -347.8279838021271            2.2730196097565742            -350.1010034118837            2546.49892674665              0.019368151440997617          0.005599856562493421          
5250.0                        304.4935806487302             -348.2858431438296            1.9285825009589659            -350.21442564478855           2546.49892674665              0.02227360178502679           0.005357288900421132          
5500.0                        275.7940858557625             -348.45838731161916           1.7468074260094137            -350.2051947376286            2546.49892674665              0.018609037910000674          0.005835834115558423          
5750.0                        270.4723033553645             -348.57606449884275           1.7131006510346816            -350.2891651498774            2546.49892674665              0.01462951867325355           0.00935225613828883           
6000.0                        293.27330543400143            -347.82581286248046           1.8575162197291069            -349.6833290822096            2546.49892674665              0.022337764885945043          0.0030000786961881082         
6250.0                        300.3652678216648             -348.4543936429856            1.9024348499648138            -350.35682849295046           2546.49892674665              0.018298919092947178          0.00731106556690668           
6500.0                        308.71990254968347            -348.34182611837434           1.9553509157289346            -350.2971770341033            2546.49892674665              0.017877460975567395          0.006660788536374099          
6750.0                        345.22914241255705            -348.22778800890757           2.186590868219359             -350.4143788771269            2546.49892674665              0.017561930107422106          0.00664606660775472           
7000.0                        238.58957762334884            -348.75165334912174           1.511163825967181             -350.2628171750889            2546.49892674665              0.017594060783699097          0.004850300633505478          
7250.0                        329.2735438399077             -348.295778703274             2.085532290452374             -350.38131099372634           2546.49892674665              0.021738607857801455          0.00684315074453786           
7500.0                        333.5212474276611             -348.1291702173148            2.1124361312202105            -350.241606348535             2546.49892674665              0.02643157552436572           0.006847893763090838          
7750.0                        281.3826151457957             -348.70762758130405           1.7822037052081148            -350.4898312865122            2546.49892674665              0.03050722134877165           0.005856032544351421          
8000.0                        338.3213346619616             -348.24489862576945           2.142838625169099             -350.3877372509385            2546.49892674665              0.03363217764129269           0.004999845724800016          
8250.0                        309.62879194639686            -348.06540189378813           1.9611075828549676            -350.0265094766431            2546.49892674665              0.028971268295907855          0.0048535878624151926         
8500.0                        303.4072884982342             -348.1299593936807            1.9217022113058568            -350.0516616049865            2546.49892674665              0.032282880401599226          0.004196501878388861          
8750.0                        346.17632060486574            -348.438557554231             2.192590046537288             -350.6311476007683            2546.49892674665              0.027764583687788055          0.006053538291608308          
9000.0                        288.9035483966073             -348.9176361361563            1.8298393244139222            -350.74747546057023           2546.49892674665              0.031117537937960644          0.007569193726285201          
9250.0                        316.5567755226386             -348.1272334379538            2.004987614294726             -350.13222105224855           2546.49892674665              0.03277636068995853           0.0054342065369890466         
9500.0                        270.7434698386462             -348.79010682200266           1.714818148439354             -350.504924970442             2546.49892674665              0.03605644648292266           0.004324733028101032          
9750.0                        347.0902871078925             -348.0692383429108            2.1983788707234817            -350.2676172136343            2546.49892674665              0.02747257625585271           0.006723905209076376          
10000.0                       328.8786382144092             -347.9209965410804            2.0830310617655687            -350.00402760284595           2546.49892674665              0.033240333821154995          0.007197103440240241          
10250.0                       312.08488814176167            -348.379685447685             1.9766638521627167            -350.35634929984775           2546.49892674665              0.033907888555510725          0.004722721877341795          
10500.0                       266.4179782872883             -348.6718019867208            1.6874216191062175            -350.359223605827             2546.49892674665              0.0343480345810569            0.00496516918715738           
10750.0                       320.24571546129647            -348.73253183562804           2.028352392618219             -350.76088422824625           2546.49892674665              0.031027619491731908          0.00383943791559037           
11000.0                       311.10769109523187            -348.68375750756127           1.9704745422931589            -350.65423204985444           2546.49892674665              0.03254666295952236           0.0034705571705903604         
11250.0                       328.5356376759707             -347.88643901079297           2.080858586290576             -349.96729759708353           2546.49892674665              0.03958774197888431           0.003979304477370086          
11500.0                       340.79945365992285            -348.2223422344143            2.158534381134068             -350.3808766155484            2546.49892674665              0.03458663606801095           0.004537104864059453          
11750.0                       318.78099960815143            -348.4385818972399            2.0190752664560376            -350.4576571636959            2546.49892674665              0.0296396086848491            0.00633326694427789           
12000.0                       315.8119640833397             -348.18859456024666           2.0002701739293642            -350.18886473417604           2546.49892674665              0.032552475422719857          0.00415783625084372           
12250.0                       306.308251818848              -348.2934757239665            1.9400761523398184            -350.2335518763063            2546.49892674665              0.031125720340455035          0.0054090369806516075         
12500.0                       299.12192263452187            -348.40916925515256           1.8945598275572257            -350.30372908270976           2546.49892674665              0.029560403989662917          0.0033959130167306294         
