CMo16S32_bdeb6c
time                          T                             E_tot                         E_kin                         E_pot                         V                             MSD                           P_internal                    
0                             299.9999999999999             -344.5488650306413            1.9001213393563947            -346.4489863699977            2546.49892674665              0.0                           0.017471269418179326          
250.0                         442.37638839733336            -346.68326067059985           2.80189605207062              -349.48515672267047           2546.49892674665              0.023434839997191946          0.004815902200893123          
500.0                         278.3647653573237             -347.94247725652866           1.763089435934622             -349.70556669246326           2546.49892674665              0.02829211496546228           0.0046562508943899066         
750.0                         328.6853773366301             -348.1767293354758            2.0818069980391325            -350.25853633351494           2546.49892674665              0.0321001737443184            0.0025104592735354482         
1000.0                        361.07395954671307            -348.0353055254659            2.2869477854020577            -350.32225331086795           2546.49892674665              0.026876984082693737          0.0042677756087170894         
1250.0                        297.32607193311964            -348.4534041702798            1.8831853800904508            -350.3365895503702            2546.49892674665              0.04012669019197972           0.004912431724404615          
1500.0                        286.7884152552504             -348.68370980436083           1.816442625689015             -350.50015243004987           2546.49892674665              0.028839792819550777          0.004413124456481435          
1750.0                        277.43775784472035            -348.9089759848509            1.7572180134131512            -350.666193998264             2546.49892674665              0.035595151121721416          0.005757876923855567          
2000.0                        332.8719457095175             -348.55453080528736           2.1083236243857923            -350.66285442967313           2546.49892674665              0.029545179780106245          0.007415723493211021          
2250.0                        318.8229983211021             -348.13665790869646           2.019341275291714             -350.1559991839882            2546.49892674665              0.02958178548637337           0.01055985765719373           
2500.0                        348.84853146119264            -348.2262908821578            2.209515129441843             -350.43580601159965           2546.49892674665              0.03081579389703273           0.009059631368711024          
2750.0                        337.1719508463023             -348.5100479388667            2.1355587294516156            -350.6456066683183            2546.49892674665              0.03075020126011841           0.00567184915250452           
3000.0                        318.2825388492758             -348.58046413057735           2.0159181467067997            -350.59638227728414           2546.49892674665              0.03404464138489399           0.002973563944764848          
3250.0                        293.2225096775753             -348.37906526364617           1.8571944927266602            -350.2362597563728            2546.49892674665              0.030338551374253446          0.0030761898464085314         
3500.0                        320.2483709750292             -348.5992746079483            2.028369211945921             -350.6276438198942            2546.49892674665              0.03091622110001601           0.003091007858043588          
3750.0                        283.18010173614175            -348.7104845166163            1.7935885139665264            -350.50407303058284           2546.49892674665              0.03297632325132517           0.0043223439389199056         
4000.0                        261.94331162538015            -348.85669770760427           1.65908025373689              -350.51577796134114           2546.49892674665              0.03142451916449763           0.004430198762344058          
4250.0                        358.4310048572092             -348.3946809004721            2.27020800338713              -350.66488890385926           2546.49892674665              0.02999266606427362           0.005357995670055422          
4500.0                        340.0796420340093             -347.9920520803487            2.153975283031684             -350.14602736338037           2546.49892674665              0.028134820020830315          0.006652560871464827          
4750.0                        329.2597394541641             -348.069287000534             2.0854448570926136            -350.15473185762664           2546.49892674665              0.028741295568953495          0.009341591012147517          
5000.0                        385.615230430739              -347.73356507900473           2.442385760407603             -350.17595083941234           2546.49892674665              0.030689865452935904          0.007615338086820769          
5250.0                        352.66289661465424            -347.52105829974005           2.2336743181891427            -349.75473261792916           2546.49892674665              0.03400822284995637           0.007307233684800644          
5500.0                        246.19580254445393            -349.12851096670437           1.5593396602489682            -350.6878506269533            2546.49892674665              0.02762741903125476           0.005313646551598143          
5750.0                        244.71351267888343            -349.0872273170999            1.5499512249000273            -350.63717854199996           2546.49892674665              0.03229439973805053           0.006738895617292364          
6000.0                        272.7887073014158             -348.467511438795             1.727772146262886             -350.1952835850579            2546.49892674665              0.025725002155854645          0.005126854674935957          
6250.0                        344.4983437681853             -348.34753239340085           2.1819621812228807            -350.52949457462375           2546.49892674665              0.02982818220153435           0.004531375732042185          
6500.0                        298.17551663670855            -348.9208639004083            1.8885655401167594            -350.80942944052504           2546.49892674665              0.031834297506932265          0.0041692149863700205         
6750.0                        319.85601326604825            -348.31173503098375           2.0258841210942684            -350.33761915207805           2546.49892674665              0.029685867605366543          0.006565665020811574          
7000.0                        348.36425426774264            -348.74185891555294           2.20644784467705              -350.94830676022997           2546.49892674665              0.030682015230116735          0.005897890825144417          
7250.0                        269.6869653903185             -348.6713911508588            1.7081265262813794            -350.3795176771402            2546.49892674665              0.029211887635394267          0.0034622540959290196         
7500.0                        263.5968553993333             -348.61129219197306           1.6695533664383844            -350.28084555841144           2546.49892674665              0.029046879245422246          0.005502273936567432          
7750.0                        306.62581213033184            -348.49010624550954           1.9420874960877619            -350.4321937415973            2546.49892674665              0.03128907936276615           0.006023228171825487          
8000.0                        331.86368713290756            -347.89719200262056           2.101937578929107             -349.99912958154965           2546.49892674665              0.03494562500663516           0.005677237969653202          
8250.0                        300.71731969951855            -348.33366004211155           1.9046646542503818            -350.23832469636193           2546.49892674665              0.03152926031333602           0.004545530504870988          
8500.0                        331.5336843843993             -348.63856259116295           2.099847428047484             -350.73841001921045           2546.49892674665              0.02870376321436695           0.005338000537523723          
8750.0                        330.2395954855698             -348.34782495389237           2.091651008275184             -350.43947596216753           2546.49892674665              0.03484737595412509           0.006378159473859095          
9000.0                        265.72501640570204            -348.87514166582156           1.6830325802443422            -350.5581742460659            2546.49892674665              0.030053200292603884          0.007283436872896179          
9250.0                        277.5056150182772             -348.7207642441623            1.7576478029581637            -350.47841204712046           2546.49892674665              0.0324624075998521            0.00680248476686314           
9500.0                        313.24118321036934            -348.6218239860416            1.98398752194423              -350.60581150798583           2546.49892674665              0.026075136264513608          0.005966040243262822          
9750.0                        320.6359788671748             -348.43315522418357           2.03082421870315              -350.46397944288674           2546.49892674665              0.036551272624731714          0.004745149007366885          
10000.0                       309.4158467564523             -348.2138646842235            1.9597588438565443            -350.17362352808004           2546.49892674665              0.02865564336190601           0.005806265772125365          
10250.0                       342.05860640445513            -347.99692540064393           2.1665095244653845            -350.1634349251093            2546.49892674665              0.03143869426526252           0.005009008596966755          
10500.0                       277.1516407815183             -348.8938477755064            1.755405822955337             -350.6492535984617            2546.49892674665              0.032178637219424024          0.0029976662636794576         
10750.0                       277.73283673977454            -349.0478842896611            1.759086965764105             -350.8069712554252            2546.49892674665              0.030416441480861433          0.003962568281627857          
11000.0                       326.67903748481353            -348.5009214146649            2.06909936748434              -350.57002078214924           2546.49892674665              0.03277082829779707           0.004185939101361324          
11250.0                       272.8860920393219             -349.1068717469646            1.7283889556582963            -350.8352607026229            2546.49892674665              0.030683953619043587          0.006017156699789008          
11500.0                       307.1198823369155             -348.9186289244336            1.9452168072299947            -350.8638457316636            2546.49892674665              0.028873796103974156          0.005881398999559823          
11750.0                       256.3527940629648             -348.7339267507299            1.6236713813422494            -350.35759813207216           2546.49892674665              0.030493338395141744          0.006582773753082981          
12000.0                       309.99587940094756            -348.72147783268355           1.9634326185409736            -350.68491045122454           2546.49892674665              0.03193567282442148           0.006058658240424839          
12250.0                       267.8721778294006             -348.79855522418376           1.696632137711717             -350.4951873618955            2546.49892674665              0.03146039687236423           0.005280648236881753          
12500.0                       325.4302430332073             -348.2986402879352            2.0611898308644503            -350.35983011879966           2546.49892674665              0.028532568900218942          0.002331109385230711          
12750.0                       330.00126245809304            -348.28507624975606           2.090141469370577             -350.3752177191266            2546.49892674665              0.03309590731398829           0.004528128085855509          
13000.0                       298.0043606651912             -348.39725349215              1.8874814830706315            -350.28473497522066           2546.49892674665              0.03223413207723542           0.005376728885585491          
13250.0                       235.18910240561615            -348.8203677636557            1.4896261075499593            -350.3099938712057            2546.49892674665              0.030756801786742345          0.006234170967107538          
13500.0                       352.43460796393236            -348.8123213829817            2.232228397733244             -351.04454978071493           2546.49892674665              0.02803137806336871           0.004707564010511372          
13750.0                       259.8740689232787             -348.8413214903651            1.645974213021655             -350.48729570338674           2546.49892674665              0.03254580402866415           0.004834926688909777          
14000.0                       205.8765628076294             -349.03370889278796           1.3039681675470793            -350.337677060335             2546.49892674665              0.03521689521840733           0.0055170306498028955         
14250.0                       238.00984168788642            -348.9515892138028            1.5074919305599679            -350.45908114436276           2546.49892674665              0.03042960077600838           0.006380173311481171          
14500.0                       307.43342224072416            -348.44487644985975           1.9472026867698833            -350.3920791366296            2546.49892674665              0.03297583081538794           0.005621198896383931          
14750.0                       296.5163212594436             -348.8379127617943            1.8780566316417506            -350.71596939343607           2546.49892674665              0.03020774762078166           0.007290215832905865          
15000.0                       248.15108940717732            -348.9382982122903            1.571723934557048             -350.51002214684735           2546.49892674665              0.031422768408085465          0.007794754341936384          
15250.0                       335.9210334578786             -348.5839287330441            2.1276357467065625            -350.7115644797507            2546.49892674665              0.028707076846150852          0.008507438758230509          
15500.0                       319.63222386219485            -348.5334888499537            2.024466697688323             -350.557955547642             2546.49892674665              0.029486294740343692          0.007980598328132485          
15750.0                       297.23254300607465            -348.94665858855274           1.882592992390033             -350.82925158094275           2546.49892674665              0.031410259613503536          0.007235554154348296          
16000.0                       282.1519497740658             -348.61550946659685           1.787076469022388             -350.40258593561924           2546.49892674665              0.0332046524070211            0.004083309614093464          
16250.0                       327.6785985281011             -348.4258216436895            2.075430325045473             -350.501251968735             2546.49892674665              0.030606101073577398          0.0016433637071687482         
16500.0                       322.4991922733439             -348.19740071555987           2.042625323879273             -350.24002603943916           2546.49892674665              0.029055408432594687          0.003049998197248091          
16750.0                       278.23338921137133            -349.08897716783923           1.762257333873267             -350.8512345017125            2546.49892674665              0.030043822082566132          0.005599231501633992          
17000.0                       311.9149332333968             -348.75695528800117           1.9755874023356752            -350.73254269033686           2546.49892674665              0.03021725588339964           0.0058831039410260815         
17250.0                       303.5121057436542             -348.8639793473392            1.9223660962550404            -350.7863454435942            2546.49892674665              0.030677453152023474          0.007187065885138295          
17500.0                       293.15992681810803            -348.40130760252725           1.8567981093041543            -350.25810571183143           2546.49892674665              0.03618947941153095           0.008447193766870165          
17750.0                       328.9752655814605             -347.9973163550741            2.083643074172569             -350.08095942924666           2546.49892674665              0.03043788404514535           0.006348032515989803          
18000.0                       334.8928811382772             -347.858125590371             2.121123699497951             -349.97924928986896           2546.49892674665              0.034006591221601455          0.005140748709015387          
18250.0                       285.33092786886226            -348.1976471876291            1.807211282739952             -350.0048584703691            2546.49892674665              0.028648601172295198          0.004959293657444139          
18500.0                       352.9253248680535             -348.30565366362305           2.2353364699369225            -350.54099013355994           2546.49892674665              0.02959857591492665           0.0056482492323209925         
18750.0                       295.32141461617954            -348.64205180741686           1.8704884062704015            -350.51254021368726           2546.49892674665              0.03614396165729997           0.0035538124076326624         
19000.0                       275.51394080839185            -348.8969921224464            1.7450330607340006            -350.6420251831804            2546.49892674665              0.027978723146814554          0.0043950861592592086         
19250.0                       286.33723092411236            -349.01769841773665           1.813584942437086             -350.83128336017376           2546.49892674665              0.029974929389861436          0.00549862474054317           
19500.0                       271.6187387953743             -349.1096427358192            1.7203618725138718            -350.83000460833307           2546.49892674665              0.028458527043942982          0.005654911099706572          
19750.0                       324.08988155216855            -348.5135885497083            2.0527003326892066            -350.5662888823975            2546.49892674665              0.026909019667401016          0.00456875729337473           
20000.0                       262.12891907740755            -348.74570612627946           1.6602558426713594            -350.4059619689508            2546.49892674665              0.034582092588588735          0.003945559246401127          
20250.0                       300.3404301247536             -348.43741482407415           1.9022775345050755            -350.3396923585792            2546.49892674665              0.03250084232226496           0.0020403741168382697         
20500.0                       303.5413215902532             -348.20668908401933           1.9225511417669405            -350.12924022578625           2546.49892674665              0.03239480030742578           0.003228798114890371          
20750.0                       299.8970382385615             -348.6633087963357            1.8994692065562384            -350.56277800289195           2546.49892674665              0.0332486632073926            0.003333881559670264          
21000.0                       338.7868568044662             -348.3977996211722            2.145787120358819             -350.54358674153104           2546.49892674665              0.028620995187207784          0.006587583218552034          
21250.0                       370.90741080143               -348.0016509497135            2.3492302872974196            -350.3508812370109            2546.49892674665              0.031325726429416036          0.008093019389125286          
21500.0                       315.1444708971332             -348.13313804101347           1.9960424471060776            -350.1291804881196            2546.49892674665              0.03308172185900243           0.008332954438766815          
21750.0                       308.03631337509427            -348.2613136859573            1.9510212411356347            -350.2123349270929            2546.49892674665              0.03652896795054617           0.0077334550575984115         
22000.0                       319.9597937738795             -348.2818737841809            2.0265414396194               -350.3084152238003            2546.49892674665              0.02878051969889275           0.006231902705919599          
22250.0                       288.29937638648863            -348.4328937194611            1.8260126573170279            -350.25890637677816           2546.49892674665              0.028013269431861203          0.005631426788423834          
22500.0                       296.3436575020372             -348.3621027574637            1.876963024675146             -350.2390657821388            2546.49892674665              0.033558034867488706          0.003952268987975178          
22750.0                       326.3349132670705             -348.4222562675049            2.0669197749192634            -350.48917604242416           2546.49892674665              0.028420808211711085          0.004766294984158207          
23000.0                       315.55167476865427            -348.18872343246977           1.9986215696585632            -350.1873450021283            2546.49892674665              0.027953658647674344          0.006030112288832611          
23250.0                       367.2038745281304             -348.19694837115117           2.3257730596174966            -350.5227214307687            2546.49892674665              0.03032824122815365           0.007662695276259971          
23500.0                       250.42712058197776            -348.7987868662544            1.586139719237977             -350.38492658549234           2546.49892674665              0.0353173718282019            0.007210452345862227          
23750.0                       280.14481831137016            -348.93651626307627           1.774363824611849             -350.7108800876881            2546.49892674665              0.028929539568107735          0.007056981532833685          
24000.0                       313.4403428994502             -348.7680256128366            1.9852489471947703            -350.75327456003134           2546.49892674665              0.02996268378202272           0.005761837515061603          
24250.0                       282.3758485199999             -349.2562398161692            1.788494584972403             -351.0447344011416            2546.49892674665              0.029983729653981106          0.005067587987882782          
24500.0                       304.98894327371147            -348.2864343148037            1.9317199979404545            -350.21815431274416           2546.49892674665              0.03304586569215229           0.004695955031378316          
24750.0                       291.8156805083372             -348.52490263488926           1.8482840056423322            -350.37318664053157           2546.49892674665              0.03167931519445261           0.005823910284374948          
25000.0                       285.00055377808815            -348.51746734303487           1.805118779873784             -350.32258612290866           2546.49892674665              0.026574445949461633          0.0050264848808668225         
25250.0                       280.7258053195135             -348.5778410965569            1.7780436439853888            -350.35588474054225           2546.49892674665              0.02635128588011387           0.005395909046310214          
25500.0                       333.81711428719854            -348.40972460017565           2.1143100743315952            -350.5240346745072            2546.49892674665              0.034355679324057704          0.005192313154473715          
25750.0                       357.3725526013912             -348.21901598175816           2.263504044327231             -350.4825200260854            2546.49892674665              0.02885200241274528           0.00399977471967862           
26000.0                       313.80874161559854            -348.30878804369775           1.9875822880679204            -350.2963703317657            2546.49892674665              0.03357813992533271           0.005270287961067682          
26250.0                       301.77346413777616            -348.8415282581445            1.911353996198968             -350.75288225434343           2546.49892674665              0.028533340278276528          0.004528526136348459          
26500.0                       305.2851182567811             -348.4138188826061            1.9335958926255017            -350.3474147752316            2546.49892674665              0.03200834633205024           0.0038201421793556344         
26750.0                       317.8930793696057             -348.33091269738696           2.01345141247968              -350.34436410986666           2546.49892674665              0.031653514759748605          0.0028612023621275144         
27000.0                       329.7822117839502             -347.9668474473268            2.0887540598361127            -350.0556015071629            2546.49892674665              0.034355932295029534          0.002669737419249489          
27250.0                       308.46464492724994            -348.60112282287804           1.953734180877537             -350.55485700375556           2546.49892674665              0.031111844462849522          0.005313456857224165          
27500.0                       342.1507700501605             -348.8486726489369            2.1670932648317764            -351.01576591376863           2546.49892674665              0.030991553944895396          0.006941196349138525          
27750.0                       246.5343256185558             -349.1073294583819            1.5614837766388532            -350.66881323502076           2546.49892674665              0.0320028986390051            0.0051358828558065684         
28000.0                       294.017587695592              -349.10089470862033           1.8622303084216156            -350.96312501704193           2546.49892674665              0.029072898257090283          0.0060894120166422            
28250.0                       347.4842324825436             -348.2940353729154            2.200874017433199             -350.4949093903486            2546.49892674665              0.027636127790449744          0.005165876362005988          
28500.0                       360.170970635763              -348.0328190802474            2.28122849040573              -350.31404757065314           2546.49892674665              0.029838978361076726          0.006717723829266657          
28750.0                       344.2544042814144             -348.0018603843873            2.1804171324751302            -350.1822775168625            2546.49892674665              0.03785364118160149           0.010153704597283056          
29000.0                       354.50978043924533            -348.2121844560606            2.2453719960772016            -350.4575564521378            2546.49892674665              0.06958396770902865           0.005726127221585004          
29250.0                       287.49369151438196            -349.1173969646112            1.820909660589406             -350.9383066252006            2546.49892674665              0.06988741037063685           0.003412278162037437          
29500.0                       274.6940614056757             -349.29372909571566           1.7398401595713346            -351.033569255287             2546.49892674665              0.07252546619400572           0.00263577288627619           
29750.0                       271.79044293889933            -349.2969054163354            1.7214494015377646            -351.01835481787316           2546.49892674665              0.06766236656612323           0.0021652366673500767         
30000.0                       280.64100307667275            -349.5347679192073            1.7775065288145657            -351.31227444802187           2546.49892674665              0.06851624624379157           0.0011025445484164323         
