CMo16S32_c8108f
time                          T                             E_tot                         E_kin                         E_pot                         V                             MSD                           P_internal                    
0                             300.0                         -344.54886503064125           1.9001213393563954            -346.44898636999767           2546.49892674665              0.0                           0.01747126941817932           
250.0                         328.3101839813274             -347.8669484994676            2.079430621703148             -349.9463791211707            2546.49892674665              0.007356627780011156          0.008936117024804369          
500.0                         296.3390674496842             -348.14425931188714           1.8769339524870636            -350.0211932643742            2546.49892674665              0.008226297116415633          0.009590509187078206          
750.0                         275.250057331436              -348.2289239329169            1.7433616919817758            -349.9722856248987            2546.49892674665              0.014184469426322613          0.006842073702145117          
1000.0                        300.3903538459111             -348.6822483958227            1.9025937382647804            -350.58484213408747           2546.49892674665              0.013325437187031913          0.007940581684736926          
1250.0                        290.16670633744286            -348.5391497788241            1.8378398356084524            -350.37698961443255           2546.49892674665              0.014378399948811868          0.00773755226997002           
1500.0                        359.583884271457              -347.44303565813067           2.27751003930952              -349.7205456974402            2546.49892674665              0.014821813374066658          0.010138991880384135          
1750.0                        325.8916106979544             -348.0985120514872            2.064112012681367             -350.1626240641686            2546.49892674665              0.015399419711856415          0.008631146444181241          
2000.0                        264.36833583769686            -348.5224442676556            1.6744397212511528            -350.19688398890673           2546.49892674665              0.016382976139733305          0.008724567478820859          
2250.0                        277.0492070329634             -348.6382570746942            1.754757034450339             -350.39301410914453           2546.49892674665              0.01760794383943106           0.0057519592418111            
2500.0                        360.7623258231589             -348.2824626362262            2.2849739791080967            -350.5674366153343            2546.49892674665              0.02046081888784157           0.005457745129312859          
2750.0                        305.34811291024545            -348.57305015359884           1.9339948842432115            -350.50704503784203           2546.49892674665              0.01397101239262348           0.007336236430285335          
3000.0                        325.1946924783719             -347.98915454050876           2.059697915411984             -350.0488524559207            2546.49892674665              0.01519307341021784           0.008109885026864851          
3250.0                        276.19292939192616            -348.1851938720545            1.7493335963898435            -349.93452746844434           2546.49892674665              0.017681051465099955          0.008066626314333528          
3500.0                        331.10397577548656            -348.11253612476696           2.09712576638915              -350.2096618911561            2546.49892674665              0.017070352807183536          0.006659110029286454          
3750.0                        304.81162549443394            -348.6114144845344            1.9305969136196126            -350.54201139815405           2546.49892674665              0.015258292617664157          0.006553031875825711          
4000.0                        293.64954570132033            -348.6551576418978            1.8598992269312993            -350.5150568688291            2546.49892674665              0.020792487046451983          0.003935008944450847          
4250.0                        264.9843608392021             -348.75534583146236           1.6783414620876103            -350.43368729354995           2546.49892674665              0.025300559545915247          0.006450129936668789          
4500.0                        341.1281751286986             -348.8964603516216            2.1606164167258193            -351.05707676834743           2546.49892674665              0.028275579070460247          0.004621535264221263          
4750.0                        272.2817963284018             -349.3021063979892            1.7245615050729604            -351.02666790306216           2546.49892674665              0.02834691462128717           0.0043804610698589385         
5000.0                        240.85571819709517            -349.4734841803448            1.52551696617437              -350.9990011465192            2546.49892674665              0.030336487761742453          0.0054521443529990275         
5250.0                        344.03108780769276            -348.31694650182425           2.179002704484636             -350.49594920630886           2546.49892674665              0.03208794660754576           0.0034290648043641694         
5500.0                        315.46065169094265            -349.06857260019854           1.998045053350784             -351.0666176535493            2546.49892674665              0.030918987304371093          0.004496505332070241          
5750.0                        292.6749997272225             -348.8314655279662            1.8537267082594087            -350.6851922362256            2546.49892674665              0.034614133587101             0.005426566690578164          
6000.0                        325.8288897687272             -348.5719885269342            2.0637147547612043            -350.6357032816954            2546.49892674665              0.03196207718356833           0.005237575496138027          
6250.0                        301.84344181290305            -349.194381272998             1.9117972164449253            -351.1061784894429            2546.49892674665              0.03000309743826767           0.004661340704105187          
6500.0                        329.4310999271547             -349.09438404129196           2.0865302093974525            -351.1809142506894            2546.49892674665              0.035960327666315926          0.0039723231384337955         
6750.0                        276.26779793160046            -349.3144422016598            1.749807794089449             -351.06424999574926           2546.49892674665              0.03091917860207584           0.0033443729440041045         
7000.0                        354.01207449289166            -348.75314492083135           2.2422196571125643            -350.9953645779439            2546.49892674665              0.03198344254347117           0.0022150579601860182         
7250.0                        252.52257893710873            -349.61112837739836           1.5994118030257003            -351.21054018042406           2546.49892674665              0.03177626507863433           0.005160897699751436          
7500.0                        293.2360834617752             -348.8840472655363            1.8572804655167066            -350.741327731053             2546.49892674665              0.03129890212672524           0.004807002544646117          
7750.0                        303.4200962815377             -349.1294769044489            1.921783332447073             -351.051260236896             2546.49892674665              0.028786886847660006          0.004169477398519304          
8000.0                        313.14133482897773            -349.20627892803316           1.9833551084769554            -351.1896340365101            2546.49892674665              0.027000902698601816          0.004789720367472169          
8250.0                        296.2258449110894             -348.85094613974957           1.8762168306147966            -350.72716297036436           2546.49892674665              0.031174948432659732          0.005719913697787377          
8500.0                        339.9720869696446             -348.7247215051151            2.1532940574551667            -350.8780155625703            2546.49892674665              0.027688111668764077          0.0035017124199388065         
8750.0                        292.19176619376253            -349.3426555753233            1.8506660337633425            -351.19332160908664           2546.49892674665              0.028226021832947996          0.0027752542482250855         
9000.0                        312.51633006088394            -348.9141705473301            1.9793964921534404            -350.89356703948357           2546.49892674665              0.03116324298643227           0.0030396593036930326         
9250.0                        272.3801079517371             -349.06435349107085           1.7251841851176475            -350.7895376761885            2546.49892674665              0.029574155661546402          0.004982296434777299          
9500.0                        341.35537194297007            -348.642281934575             2.1620554217759227            -350.8043373563509            2546.49892674665              0.03003158207302115           0.005668691078284744          
9750.0                        329.6032982106371             -348.73000544565747           2.0876208681742705            -350.81762631383174           2546.49892674665              0.03188200980144999           0.001594384615220707          
10000.0                       247.43358386331118            -349.00267710775904           1.5671794425736927            -350.56985655033276           2546.49892674665              0.035523736205722696          0.006290696530678559          
