CMo16S32_4c1711
time                          T                             E_tot                         E_kin                         E_pot                         V                             MSD                           P_internal                    
0                             300.00000000000006            -344.5488650306413            1.9001213393563956            -346.4489863699977            2546.49892674665              0.0                           0.01747126941817932           
250.0                         218.7997924559482             -348.38589653418103           1.385820515640992             -349.77171704982203           2546.49892674665              0.00755267652463304           0.007592189214698065          
500.0                         312.16166407667725            -347.7374332578809            1.9771501308036572            -349.71458338868456           2546.49892674665              0.006725321127948772          0.00963637238656175           
750.0                         270.5523453220679             -348.98421371373286           1.7136076158646052            -350.69782132959745           2546.49892674665              0.013098883743641397          0.008916660427757047          
1000.0                        324.69498416141454            -348.4066723582029            2.0565328939569687            -350.46320525215987           2546.49892674665              0.012228316064344597          0.007509276371409661          
1250.0                        253.9978167090638             -348.9906185881737            1.6087555722627551            -350.5993741604364            2546.49892674665              0.019520418271573275          0.005296787208733837          
1500.0                        250.49407983015624            -348.9977585472929            1.586563821559081             -350.584322368852             2546.49892674665              0.028205793630145765          0.007603193614317318          
1750.0                        266.46805000314765            -348.7887199622064            1.6877387602255596            -350.47645872243197           2546.49892674665              0.03527051597124778           0.0006285584896235669         
2000.0                        260.540782919187              -349.5416448433626            1.650197004657898             -351.1918418480205            2546.49892674665              0.028745450398751368          0.0035123936289935646         
2250.0                        259.63986611219843            -349.26755303232443           1.6444908338247521            -350.9120438661492            2546.49892674665              0.029668843677165622          0.003068285223671407          
2500.0                        287.4790582908995             -349.3597598711379            1.8208169775887306            -351.1805768487266            2546.49892674665              0.025921317187174418          0.003906825578694458          
2750.0                        285.55604690512814            -348.68915860944185           1.8086371276889657            -350.4977957371308            2546.49892674665              0.027424505628430882          0.0033609917749954925         
3000.0                        309.9867831380242             -348.8564575692541            1.9633750051966765            -350.81983257445074           2546.49892674665              0.03311341471427473           0.005247538105907601          
3250.0                        351.14181082440166            -349.009956359293             2.2240401596256403            -351.2339965189187            2546.49892674665              0.0299153857385821            0.003480142951498094          
3500.0                        283.8862000280549             -349.0749521704279            1.7980607554070172            -350.87301292583487           2546.49892674665              0.029275495537566615          0.006031602328981572          
3750.0                        323.2120528630329             -349.0089582993404            2.047140395940787             -351.0560986952812            2546.49892674665              0.03488476967178912           0.005715123830021422          
4000.0                        326.46340943505874            -349.2730687205985            2.06773363595533              -351.3408023565538            2546.49892674665              0.029802101045167742          0.005530434107742483          
4250.0                        269.0668661370367             -349.43209580848225           1.704198980202447             -351.13629478868467           2546.49892674665              0.03369688018854027           0.006443431716981818          
4500.0                        327.5118579020482             -348.94676670363623           2.074374233639804             -351.021140937276             2546.49892674665              0.03825854444775301           0.006417088916248433          
4750.0                        336.9151962673758             -348.84022696891253           2.133932513270296             -350.9741594821828            2546.49892674665              0.03609622674264317           0.0072909314870070185         
5000.0                        238.2787353972877             -349.1004376257663            1.5091950328108081            -350.6096326585771            2546.49892674665              0.032920715950585204          0.002408574983975264          
5250.0                        268.88266462095146            -349.23962267849856           1.7030322960975957            -350.94265497459617           2546.49892674665              0.03263314392797586           0.004412176703707817          
5500.0                        343.33165879390924            -348.5560585932576            2.1745727045031193            -350.73063129776074           2546.49892674665              0.03530885488963758           0.0022135990993395415         
5750.0                        262.00210082771866            -349.2669309404087            1.659452609129847             -350.92638354953857           2546.49892674665              0.031074955535343913          0.0033858002540153834         
6000.0                        279.43258471843876            -349.5467430516588            1.7698527237833976            -351.3165957754422            2546.49892674665              0.028096512830730905          0.004275204631359791          
6250.0                        316.1969813574774             -349.1214646299547            2.002708772391397             -351.12417340234606           2546.49892674665              0.030962839462881964          0.004912123066507247          
6500.0                        332.6366347982655             -348.7893245745364            2.106833226772948             -350.89615780130936           2546.49892674665              0.029413550881630546          0.004090546058582817          
6750.0                        318.19921727439396            -349.1396452190453            2.0153904096985937            -351.15503562874386           2546.49892674665              0.03251517602718337           0.005464403342133317          
7000.0                        335.7283126087345             -348.65649158603895           2.126415103379904             -350.78290668941884           2546.49892674665              0.03819241132273409           0.0029370559523005262         
7250.0                        324.3681964348796             -349.06565407037914           2.0544631061815393            -351.12011717656065           2546.49892674665              0.03964021045357968           0.004731651413188322          
7500.0                        291.44146560633357            -348.9866510929551            1.845913826572991             -350.8325649195281            2546.49892674665              0.03342841204282699           0.0038490561785275972         
7750.0                        325.63011403793604            -349.1127562462159            2.0624557614017958            -351.1752120076177            2546.49892674665              0.035660902251178274          0.005049690741554715          
8000.0                        336.04373190091735            -348.49335911874977           2.128412886472975             -350.62177200522274           2546.49892674665              0.03262577690496554           0.00158768017184234           
8250.0                        311.90443089526804            -349.1386731423775            1.9755208832797033            -351.11419402565724           2546.49892674665              0.03185539851317958           0.007130772247228782          
8500.0                        320.5581723718168             -349.32870433674873           2.0303314127625827            -351.3590357495113            2546.49892674665              0.0335659429672305            0.004561667027911492          
8750.0                        322.3035010889376             -348.94197285297673           2.0413858672278917            -350.98335872020465           2546.49892674665              0.03128920129326627           0.0052909264876672205         
9000.0                        273.2288433109326             -349.0458667013689            1.7305598523425596            -350.7764265537114            2546.49892674665              0.03260150624313833           0.00538425676443493           
9250.0                        351.05838923359653            -348.7967195976695            2.2235117891428007            -351.02023138681227           2546.49892674665              0.02960060886078063           0.004378592200132309          
9500.0                        305.7303365227652             -348.99625061603086           1.9364157883850601            -350.9326664044159            2546.49892674665              0.033413049309644866          0.004032099507576262          
9750.0                        336.38564208951374            -349.0995002880513            2.1305784559579597            -351.23007874400923           2546.49892674665              0.030876829482921756          0.00431790030090189           
10000.0                       349.0311320326729             -348.42839639064357           2.2106716735833376            -350.63906806422693           2546.49892674665              0.02439074866273442           0.006222841772024485          
10250.0                       312.69825747630443            -348.9203940112923            1.9805487727009552            -350.90094278399323           2546.49892674665              0.034247423360991604          0.005258632646908379          
10500.0                       296.4976943333049             -349.44738107595464           1.877938653575608             -351.32531972953024           2546.49892674665              0.03272236552556206           0.003941706924960484          
10750.0                       288.7029600418777             -349.11512336726037           1.828568850369762             -350.94369221763014           2546.49892674665              0.03565723442848103           0.0036033865668399744         
11000.0                       321.7637277527321             -349.14781057452814           2.037967084446093             -351.18577765897425           2546.49892674665              0.03343309337100309           0.0022098327220043193         
11250.0                       389.2625518013776             -348.4590061448271            2.4654869376337394            -350.9244930824608            2546.49892674665              0.032502846314012276          0.00808925118676873           
11500.0                       340.12526349401486            -348.61983823871674           2.1542642373973147            -350.7741024761141            2546.49892674665              0.03553889047781182           0.0029655159118249495         
11750.0                       339.8642250301298             -348.86189584071474           2.1526108882119117            -351.0145067289267            2546.49892674665              0.030199986360632813          0.003959189769110819          
12000.0                       352.3527438533449             -348.9790027401947            2.231709891921729             -351.21071263211644           2546.49892674665              0.026064551316148512          0.006759417238482848          
12250.0                       307.15471134516406            -349.12404717689543           1.9454374050360006            -351.0694845819314            2546.49892674665              0.03982609393844763           0.003583073776935628          
12500.0                       313.88820601591834            -348.97446967824345           1.9880855947438096            -350.9625552729873            2546.49892674665              0.03963509916538861           0.004557912180607616          
