CMo16S32_7ec057
time                          T                             E_tot                         E_kin                         E_pot                         V                             MSD                           P_internal                    
0                             299.99999999999994            -344.5488650306413            1.9001213393563952            -346.4489863699977            2546.49892674665              0.0                           0.01747126941817933           
250.0                         222.35708511860574            -348.6790107806005            1.4083514746364971            -350.087362255237             2546.49892674665              0.006050259917190597          0.007334396485550278          
500.0                         295.17066721571365            -348.1431318548081            1.8695336117621424            -350.01266546657024           2546.49892674665              0.007050249657328112          0.010961289728379566          
750.0                         307.2093969344339             -347.90339613407696           1.9457837692197568            -349.8491799032967            2546.49892674665              0.01578147257259173           0.007794599603454099          
1000.0                        345.5133279836203             -348.4461163741704            2.188390825112407             -350.63450719928284           2546.49892674665              0.020666585564680467          0.004225271341749568          
1250.0                        310.7254231423691             -348.81385601277947           1.9680533573112036            -350.78190937009066           2546.49892674665              0.030626111993756262          0.004419160331303802          
1500.0                        242.2529213575157             -349.1451046337667            1.5343664846428076            -350.67947111840954           2546.49892674665              0.02879602524176335           0.006653402513248023          
1750.0                        310.4270530557383             -349.01381057422617           1.966163559415761             -350.9799741336419            2546.49892674665              0.030783849755226265          0.0030229226852891175         
2000.0                        273.8747937743156             -349.6781964603971            1.7346511332080305            -351.41284759360514           2546.49892674665              0.03255560888894935           0.005210789622612737          
2250.0                        271.03113632290757            -349.2980592127217            1.7166401525238963            -351.0146993652456            2546.49892674665              0.037716802497535264          0.0046024806503069055         
2500.0                        340.6256176423989             -348.83840571051206           2.157433349379248             -350.9958390598913            2546.49892674665              0.030120933886237666          0.0013144876464367648         
2750.0                        310.1339770823532             -348.94548968142107           1.9643072930454888            -350.90979697446653           2546.49892674665              0.03612641916673887           0.005135385823088721          
3000.0                        360.0493714114095             -348.7051686784218            2.280458312802252             -350.985626991224             2546.49892674665              0.03415502635511504           0.0033775014421148423         
3250.0                        351.89529496146537            -348.8817850696076            2.2288125305846447            -351.11059760019225           2546.49892674665              0.030724077092982575          0.0016800354129809308         
3500.0                        354.0017102842185             -348.5565548244564            2.2421540129323465            -350.79870883738874           2546.49892674665              0.03264988687236363           0.004390180430645684          
3750.0                        293.92444256625794            -348.8575805701356            1.8616403515952664            -350.7192209217309            2546.49892674665              0.03491962705134109           0.003936228894797115          
4000.0                        319.2529161448544             -348.60710830247086           2.0220642620619858            -350.62917256453284           2546.49892674665              0.03154381273607566           0.0031110651390398782         
4250.0                        313.01637579477875            -349.2262647975707            1.982563650718866             -351.2088284482896            2546.49892674665              0.03174749780661716           0.0034621645184724527         
4500.0                        317.56960582843897            -348.9501052397904            2.0114026158853866            -350.9615078556758            2546.49892674665              0.037052962069172225          0.0035759535011836915         
4750.0                        259.26701289117904            -348.95986385060206           1.6421292792857298            -350.6019931298878            2546.49892674665              0.034669842193320415          0.0030684209282782885         
5000.0                        283.19522316481823            -349.2879916216809            1.7936842891308922            -351.0816759108118            2546.49892674665              0.031080413720791105          0.007202225980569494          
5250.0                        321.94044250829415            -348.7333462479953            2.039086349372835             -350.77243259736815           2546.49892674665              0.032229408541249664          0.004885749736158273          
5500.0                        298.2499893754304             -348.9306855138903            1.8890372309169117            -350.8197227448072            2546.49892674665              0.032054612275314975          0.0024860710354783298         
5750.0                        327.9875027375516             -348.61843561869824           2.0773868433127864            -350.69582246201105           2546.49892674665              0.034238788458280746          0.0017862318147206086         
6000.0                        326.62918250147015            -348.85488997020104           2.0687835990919266            -350.923673569293             2546.49892674665              0.030666322167458137          0.004451078709019595          
6250.0                        318.70739172380775            -348.8605291086238            2.01860905341675              -350.87913816204053           2546.49892674665              0.028431307512811217          0.001970011454858553          
6500.0                        330.40662861778               -348.9609363756644            2.0927089523381572            -351.0536453280026            2546.49892674665              0.03177331796961494           0.00528450766138476           
6750.0                        317.0291062237704             -348.6025169749143            2.007979233109572             -350.61049620802385           2546.49892674665              0.03097128626128018           0.0027770820814828202         
7000.0                        311.04594382127107            -348.66929546448773           1.9700834512501588            -350.6393789157379            2546.49892674665              0.030018845030225914          0.0040138494200360475         
7250.0                        270.8366648204159             -349.7274859229937            1.715408421017959             -351.4428943440117            2546.49892674665              0.028473333888241283          0.005676493647204399          
7500.0                        386.6904622394286             -348.5591866099931            2.4491959967557557            -351.00838260674885           2546.49892674665              0.037952592622288256          0.0021538564934045702         
7750.0                        329.91041033992377            -349.1229451182487            2.089566035875713             -351.2125111541244            2546.49892674665              0.03371598361021836           0.0030198730215037547         
8000.0                        322.84404320354116            -348.91515007724394           2.0448095192504887            -350.9599595964944            2546.49892674665              0.039311616943268936          0.0026536383158842474         
8250.0                        303.2536180573732             -349.0801908629017            1.9207289030261625            -351.00091976592785           2546.49892674665              0.03668832638187079           0.004903624206663402          
8500.0                        251.16321533394978            -349.2351702804044            1.5908019503913446            -350.82597223079574           2546.49892674665              0.038522448362080165          0.003920202160643962          
8750.0                        310.04901880431936            -349.2968681334887            1.9637691895886649            -351.2606373230774            2546.49892674665              0.033331475843922084          0.003776798650620836          
9000.0                        232.0000247551347             -349.4310481277434            1.4694273258948114            -350.9004754536382            2546.49892674665              0.03829796460989004           0.004313395089999132          
9250.0                        317.82220342152203            -349.04080605030305           2.013002502808344             -351.05380855311137           2546.49892674665              0.03056006225039652           0.006450508674758993          
9500.0                        295.26010995338527            -348.73280321013914           1.8701001186104766            -350.6029033287496            2546.49892674665              0.027982279476770996          0.003294243475082585          
9750.0                        349.1209119635392             -348.5317833580928            2.2112403161249543            -350.74302367421774           2546.49892674665              0.031758286221512555          0.003874067972027624          
10000.0                       319.7679996907244             -348.88102332627824           2.025326666185516             -350.90634999246373           2546.49892674665              0.03053433247029484           0.003907187599435283          
10250.0                       317.0188778071551             -348.9501300523685            2.0079144490006433            -350.9580445013691            2546.49892674665              0.03521099122739736           0.0058038505867399545         
10500.0                       345.6576430973413             -348.7934705487847            2.1893048792029832            -350.9827754279877            2546.49892674665              0.03176755351832739           0.0038676774915121833         
10750.0                       333.75564724114093            -348.60140347164037           2.113920758178658             -350.71532422981903           2546.49892674665              0.04106072205609766           0.0028641264576764205         
11000.0                       369.0358811898419             -348.56557705717927           2.3373765094567               -350.902953566636             2546.49892674665              0.034998494916297834          0.003998766379979899          
11250.0                       284.57995249407105            -349.1843099294045            1.8024548016233788            -350.98676473102785           2546.49892674665              0.03682575682423988           0.0034311660274386883         
11500.0                       294.8334794363222             -349.1507860711318            1.8673979527788358            -351.01818402391064           2546.49892674665              0.03395747680281409           0.004969538848305983          
11750.0                       364.7757104999967             -348.3030606896524            2.310393705333115             -350.6134543949855            2546.49892674665              0.03101407549924862           0.002054550139238776          
12000.0                       303.25806439063746            -348.67959050398144           1.92075706493522              -350.6003475689167            2546.49892674665              0.0377327097039295            0.0034312158785913065         
12250.0                       295.0522677875737             -348.980331769355             1.8687837008288881            -350.8491154701839            2546.49892674665              0.03414436856073828           0.005183762326965688          
12500.0                       283.43519125582134            -349.16226149974096           1.7952041840991577            -350.9574656838401            2546.49892674665              0.028409348918297446          0.005898838791802317          
