CMo16S32_039ed1
time                          T                             E_tot                         E_kin                         E_pot                         V                             MSD                           P_internal                    
0                             300.00000000000006            -344.5488650306413            1.9001213393563956            -346.4489863699977            2546.49892674665              0.0                           0.01747126941817931           
250.0                         535.6070469751752             -346.215387260195             3.392394598223979             -349.60778185841895           2546.49892674665              0.009224810820685932          0.006274507090767021          
500.0                         380.03913854068435            -347.56408269140513           2.4070682564392527            -349.97115094784436           2546.49892674665              0.02555664815451859           0.004405264618638851          
750.0                         354.7310603595936             -347.6503844811167            2.2467735250726175            -349.89715800618933           2546.49892674665              0.026612945793840864          0.004509685356368686          
1000.0                        399.87390711670014            -348.280115017185             2.5326964798808635            -350.81281149706587           2546.49892674665              0.02425741617205393           0.004059192303235479          
1250.0                        308.04449974555115            -348.46844411371393           1.9510730914596248            -350.4195172051736            2546.49892674665              0.018369590088475447          0.005777173718979866          
1500.0                        357.60014229947853            -348.20337690450464           2.264945537800409             -350.46832244230507           2546.49892674665              0.021013346314413858          0.0046801992984850625         
1750.0                        309.04277588981535            -348.07469980964385           1.9573959108072474            -350.0320957204511            2546.49892674665              0.026134275407801923          0.004559576710963255          
2000.0                        274.8869852073677             -348.60915932325804           1.7410620883462171            -350.35022141160425           2546.49892674665              0.023574938062641052          0.004408348078027005          
2250.0                        310.0352527385003             -348.2824741972472            1.963681998937259             -350.2461561961845            2546.49892674665              0.026344198874651788          0.0070017280675865766         
2500.0                        330.0136308917862             -348.2741606215162            2.0902198077865597            -350.3643804293028            2546.49892674665              0.020794600911450696          0.006049846174305497          
2750.0                        301.46598182916455            -348.60795361785273           1.9094064838787428            -350.51736010173147           2546.49892674665              0.021177438980688242          0.007445639847964214          
3000.0                        278.31361687157846            -348.7214437736209            1.7627654748371544            -350.48420924845806           2546.49892674665              0.020524152365615455          0.004613147295450999          
3250.0                        294.945885806686              -348.58808511415816           1.8681099052555288            -350.4561950194137            2546.49892674665              0.02151837560736866           0.004599249305021289          
3500.0                        251.33813616067036            -348.79236261104484           1.5919098530431768            -350.38427246408804           2546.49892674665              0.02494903835846562           0.005638996684650149          
3750.0                        271.19518176172744            -348.6574560428258            1.7176791733203154            -350.37513521614613           2546.49892674665              0.02384046353806527           0.007261159899125962          
4000.0                        333.6133179534363             -348.0839302947392            2.113019281789381             -350.1969495765286            2546.49892674665              0.02285302432753867           0.007813683604657957          
4250.0                        311.6169500436972             -348.6275620371272            1.9737000549439496            -350.6012620920711            2546.49892674665              0.025783223941975214          0.006426959918272948          
4500.0                        305.53412166504563            -348.4520117799795            1.935173014924221             -350.3871847949037            2546.49892674665              0.023053092926212104          0.006760423192549132          
4750.0                        289.5672795588535             -348.3200712354982            1.834043223563855             -350.15411445906204           2546.49892674665              0.02508381803708437           0.005858174000601281          
5000.0                        271.90431803006175            -348.7240010504086            1.7221706565068942            -350.4461717069155            2546.49892674665              0.02376721133757165           0.005475914075965497          
5250.0                        312.77072191808264            -348.6520428629247            1.981007743474846             -350.63305060639954           2546.49892674665              0.017677589669697867          0.006129800092715719          
5500.0                        305.22037721167004            -348.183453771677             1.9331858398210089            -350.11663961149804           2546.49892674665              0.0247501037254051            0.004721878331718996          
5750.0                        329.0200898833897             -348.2186784411254            2.08392697954796              -350.3026054206734            2546.49892674665              0.018820296155811357          0.005790221236962617          
6000.0                        294.5376269039327             -348.63773850235356           1.8655241004118495            -350.5032626027654            2546.49892674665              0.023285569662924353          0.006325714511761311          
6250.0                        333.61542930276545            -348.1836412633058            2.113032654522432             -350.29667391782823           2546.49892674665              0.02545786416836305           0.0022091614477814476         
6500.0                        296.9919531592638             -348.3991835117445            1.8810691593835074            -350.28025267112804           2546.49892674665              0.024135971710077978          0.0013013802121181982         
6750.0                        280.6628546315085             -348.7001711208908            1.7776449308333706            -350.4778160517242            2546.49892674665              0.020741947537793532          0.003018616274266143          
7000.0                        295.52186203958087            -348.78679081950185           1.8717579876924808            -350.65854880719434           2546.49892674665              0.022778440031018272          0.004068241253291424          
7250.0                        255.92218802255914            -348.97310604708457           1.6209440355881477            -350.5940500826727            2546.49892674665              0.02482802242853646           0.006571085044220429          
7500.0                        293.762766992099              -349.26151469356756           1.860616340900226             -351.12213103446777           2546.49892674665              0.0233882999835699            0.005864271194969662          
7750.0                        301.13894425312316            -348.9477679159936            1.9073351136220507            -350.85510302961563           2546.49892674665              0.022271007462569475          0.006115736488504934          
8000.0                        258.6571708608061             -348.90612385860777           1.6382666997672364            -350.544390558375             2546.49892674665              0.023778267493570635          0.007129149822931458          
8250.0                        227.8952648518167             -349.1653839360869            1.443428852944048             -350.608812789031             2546.49892674665              0.023708454932173793          0.004372357232620635          
8500.0                        311.8773275589958             -348.67572297331446           1.9753492178543077            -350.6510721911688            2546.49892674665              0.02141977697865674           0.002623504865479026          
8750.0                        281.5614596348436             -348.5613074035923            1.7833364593083354            -350.3446438629006            2546.49892674665              0.023098665825049252          0.004019684016746729          
9000.0                        265.102628866696              -348.6996598809832            1.679090540763626             -350.3787504217468            2546.49892674665              0.024805721895839957          0.0056569488142987935         
9250.0                        282.2308143640705             -348.6655355025311            1.7875759766570127            -350.4531114791881            2546.49892674665              0.020186524618565183          0.003059450691156333          
9500.0                        214.3603231420924             -348.9332364188234            1.3577020810454077            -350.29093849986884           2546.49892674665              0.02499211699582795           0.00534752101499655           
9750.0                        286.31895345952455            -348.79885472902254           1.8134691777687775            -350.6123239067913            2546.49892674665              0.019443557355733068          0.004898363579330913          
10000.0                       318.68958270762784            -348.5424741211143            2.0184962557778285            -350.56097037689216           2546.49892674665              0.02278227372174899           0.003858313307901064          
10250.0                       246.150278271184              -348.5536181125872            1.5590513214386386            -350.1126694340258            2546.49892674665              0.024734535285636235          0.004424831982006384          
10500.0                       260.9981316755639             -348.92424133645574           1.6530937317629646            -350.5773350682187            2546.49892674665              0.022509680746602957          0.004545596857770844          
10750.0                       310.4834844311077             -348.63110415665665           1.9665209809509228            -350.59762513760757           2546.49892674665              0.023214612566381992          0.0072059756134055485         
11000.0                       335.707928817863              -348.42608733581983           2.1262859977931976            -350.55237333361305           2546.49892674665              0.024640750983860055          0.005734220630068876          
11250.0                       333.80825998317164            -348.2499979937991            2.1142539934915066            -350.36425198729063           2546.49892674665              0.0248993292164519            0.005928446044048932          
11500.0                       274.5344476835135             -348.69906342855853           1.73882920810622              -350.43789263666474           2546.49892674665              0.021376489995130216          0.005419219680715113          
11750.0                       266.1608588414482             -348.7815797450019            1.6857930919535367            -350.46737283695546           2546.49892674665              0.018806809418623737          0.0070985632179747715         
12000.0                       330.18524623040867            -348.3258834553016            2.0913067743434843            -350.4171902296451            2546.49892674665              0.02663928374495949           0.005322419192715565          
12250.0                       386.35126090904055            -348.2285451562628            2.447047584468394             -350.6755927407312            2546.49892674665              0.018009806057274893          0.008094526703096787          
12500.0                       256.2168789808307             -348.84981718354504           1.6228105308492382            -350.47262771439426           2546.49892674665              0.027098104818290752          0.006548728635208821          
12750.0                       272.7583378050103             -349.07658511483254           1.7275797938356008            -350.80416490866816           2546.49892674665              0.020632448855982165          0.007907586032411847          
13000.0                       286.1320700148147             -348.35639003688806           1.8122855070312252            -350.1686755439193            2546.49892674665              0.024216387452473277          0.005236071867104324          
13250.0                       271.41205724991437            -348.49395424210707           1.7190528057972732            -350.21300704790434           2546.49892674665              0.02318099755995268           0.0031868697394717388         
13500.0                       280.49315409567635            -348.3854461426345            1.7765700921352543            -350.1620162347698            2546.49892674665              0.020750476798777617          0.004747473578744015          
13750.0                       304.9517177904339             -348.30126158577923           1.9314842214899761            -350.2327458072692            2546.49892674665              0.026129140136079226          0.0038758305093198886         
14000.0                       299.80457962457035            -348.5446366055195            1.8988835979380656            -350.4435202034575            2546.49892674665              0.021427111524348078          0.003130540279358143          
14250.0                       315.5895622590683             -348.4713600379343            1.9988615390886646            -350.4702215770229            2546.49892674665              0.022380037384350186          0.0053566890418396094         
14500.0                       337.01143294781247            -348.2675064450088            2.134542051170718             -350.40204849617953           2546.49892674665              0.022864114436511308          0.006399016496603393          
14750.0                       293.42933053174454            -348.6260028956169            1.858504441788096             -350.48450733740503           2546.49892674665              0.021201426282626428          0.007010078293460114          
15000.0                       315.60870140475674            -348.144601114895             1.99898276141913              -350.14358387631415           2546.49892674665              0.02506487926020463           0.008467550170032747          
15250.0                       358.060094919554              -348.08412895892576           2.267858757095403             -350.35198771602114           2546.49892674665              0.021152330558922867          0.007781747701279477          
15500.0                       293.63339229393415            -348.56443798692226           1.8597969154843734            -350.4242349024066            2546.49892674665              0.022277304988643103          0.005073971532926533          
15750.0                       272.85625219638763            -348.9627879391051            1.7281999579172214            -350.69098789702235           2546.49892674665              0.02200654135392766           0.005264814638201245          
16000.0                       286.10921612642295            -348.82919724884255           1.8121407564944907            -350.64133800533705           2546.49892674665              0.02282300254068744           0.005147851624350068          
16250.0                       314.6011619215264             -348.28087246008323           1.9926012705113632            -350.2734737305946            2546.49892674665              0.022981444931184515          0.00808127043648011           
16500.0                       392.39453715982               -347.9886529659668            2.4853241116808333            -350.47397707764765           2546.49892674665              0.020195077400319717          0.006357279798025137          
16750.0                       333.7167444267781             -348.0993021033178            2.113674357952885             -350.2129764612707            2546.49892674665              0.024440065464430297          0.006608452713474042          
17000.0                       309.7862828913493             -348.2178001476266            1.9621050892058327            -350.1799052368324            2546.49892674665              0.025924281831577106          0.004721017325962511          
17250.0                       247.51421818809223            -349.0158175478931            1.5676901592443628            -350.58350770713747           2546.49892674665              0.020711030696466067          0.0030785690276113613         
17500.0                       282.6188581274756             -348.6529476964938            1.7900337441085135            -350.44298144060235           2546.49892674665              0.027618094822806933          0.001172524238928942          
17750.0                       343.5822411397365             -348.7074634946592            2.1761598273783602            -350.8836233220375            2546.49892674665              0.019099532904820953          0.002680518219518587          
18000.0                       314.4508743166253             -348.2990857902651            1.991649388227652             -350.29073517849275           2546.49892674665              0.025703636034145532          0.005159311886801476          
18250.0                       366.3814818761897             -348.19991491055623           2.3205642401932214            -350.52047915074945           2546.49892674665              0.018486510107191198          0.00505581631862147           
18500.0                       354.3795760071652             -347.55569373972355           2.2445473153442874            -349.80024105506783           2546.49892674665              0.021383470874899908          0.004392772926472401          
18750.0                       327.82970486315463            -348.558936666558             2.0763873929512973            -350.6353240595093            2546.49892674665              0.020791153637886885          0.004634414531830159          
19000.0                       290.041182509442              -348.4388182042825            1.8370448005945124            -350.275863004877             2546.49892674665              0.021861905560958832          0.0031667067375100743         
19250.0                       286.8479220284481             -348.88276088879337           1.8168195259876456            -350.699580414781             2546.49892674665              0.021167565322313075          0.0032160641454255616         
19500.0                       272.8689591055763             -349.08929262254827           1.728280440148244             -350.8175730626965            2546.49892674665              0.02120413608182373           0.003628860592474329          
19750.0                       302.4872141933397             -348.95350902453316           1.9158747019041116            -350.86938372643726           2546.49892674665              0.02440195832634518           0.004438781506801472          
20000.0                       262.1768805962522             -349.1442456592092            1.6605596183561082            -350.8048052775653            2546.49892674665              0.025382688351582656          0.007288249338530387          
20250.0                       284.9786365013456             -348.88835044271946           1.8049799615896536            -350.6933304043091            2546.49892674665              0.02257746635901985           0.0069887515712839824         
20500.0                       268.36933936109125            -348.90411685169283           1.6997810284966257            -350.60389788018944           2546.49892674665              0.023371413517992944          0.005576243940019099          
20750.0                       359.8505636086051             -348.4274367976233            2.2791991163071215            -350.70663591393037           2546.49892674665              0.023648052390502397          0.004679427253581918          
21000.0                       307.90801689665517            -347.9549233524384            1.9502086448808134            -349.90513199731924           2546.49892674665              0.022753927474511413          0.0028894533705341795         
21250.0                       325.03566168479915            -348.4064850585824            2.058690656063709             -350.46517571464614           2546.49892674665              0.022853881419000646          0.0029490655559198512         
21500.0                       287.07911871144694            -348.3290412755523            1.8182838651574937            -350.14732514070977           2546.49892674665              0.020388571463165597          0.002628223416231286          
21750.0                       260.14138498527484            -348.56672207768037           1.6476673228674936            -350.2143894005479            2546.49892674665              0.026036878902980648          0.0028351149628673897         
22000.0                       283.2897479869794             -348.76819514267726           1.7942829845698502            -350.5624781272471            2546.49892674665              0.019268310228085655          0.004787116288539177          
22250.0                       345.7687185827869             -348.39579556965623           2.1900084022035653            -350.5858039718598            2546.49892674665              0.021225204244514555          0.003724551869465335          
22500.0                       330.22504623631767            -348.4549742769103            2.091558857145265             -350.5465331340556            2546.49892674665              0.025216949221443668          0.004934325130770041          
22750.0                       266.20461630192426            -348.67065606017985           1.6860702402348922            -350.3567263004147            2546.49892674665              0.023800420223862785          0.0044194315377727            
23000.0                       369.1628864935346             -348.42574692002154           2.3381809277492263            -350.7639278477708            2546.49892674665              0.024134969325657094          0.004037947913479018          
23250.0                       286.0921867933105             -348.66660205100544           1.8120328971636837            -350.47863494816914           2546.49892674665              0.023308542960967658          0.005101682785408987          
23500.0                       284.06315948926874            -348.6415856905903            1.7991815702351954            -350.4407672608255            2546.49892674665              0.02504752227403588           0.004467930923555895          
23750.0                       241.2722198729274             -348.8579364531827            1.5281549785814583            -350.38609143176416           2546.49892674665              0.023769438389443433          0.004837065015373822          
24000.0                       269.1393702263044             -348.6908568196774            1.7046582020931407            -350.3955150217705            2546.49892674665              0.021857277721030282          0.004247818426664874          
24250.0                       285.665674476189              -348.87559190286856           1.8093314799794809            -350.68492338284807           2546.49892674665              0.022278326919977623          0.005073484241477041          
24500.0                       335.4095217769549             -348.680308583385             2.1243959658390517            -350.804704549224             2546.49892674665              0.021589202476556345          0.004953887039221594          
24750.0                       330.3864429456965             -348.6071076878011            2.092581101583907             -350.699688789385             2546.49892674665              0.02242086549775218           0.005251395699179565          
25000.0                       312.6154803261601             -348.63619811788885           1.980024483936287             -350.61622260182514           2546.49892674665              0.0227822399040901            0.006046295750840304          
25250.0                       291.861272163809              -348.75019351079925           1.8485727712338609            -350.5987662820331            2546.49892674665              0.02252671364956868           0.006979048074401167          
25500.0                       337.4371102033196             -348.3555493689998            2.1372381792936106            -350.4927875482934            2546.49892674665              0.023032213916028797          0.0039693081486049725         
25750.0                       311.92166587412527            -348.6659935576939            1.9756300451167363            -350.6416236028107            2546.49892674665              0.02015662429051836           0.004670387289692228          
26000.0                       293.4835612473529             -348.22949713625053           1.8588479249213496            -350.0883450611719            2546.49892674665              0.02888980807901409           0.0028847481056386085         
26250.0                       327.509909974586              -348.21058175473985           2.0743618959780092            -350.2849436507179            2546.49892674665              0.0206186723717249            0.0040137894488506175         
26500.0                       308.68015927348483            -348.59902020929457           1.9550991922382648            -350.55411940153283           2546.49892674665              0.022888813988409376          0.005003100842100796          
26750.0                       304.1357848791753             -348.21826473675395           1.9263163163694237            -350.1445810531234            2546.49892674665              0.020783550129885142          0.007617663824410851          
27000.0                       432.27953758766375            -348.20623027682933           2.7379452464581164            -350.94417552328747           2546.49892674665              0.026101084461804158          0.007097162725385908          
27250.0                       277.93028624834596            -348.39750533924496           1.7603375591797117            -350.1578428984247            2546.49892674665              0.026741810845727507          0.007824926408989923          
27500.0                       341.3701764701362             -348.2307616641729            2.162149189769214             -350.3929108539421            2546.49892674665              0.0238374091716681            0.006556103374374722          
27750.0                       306.5690733167406             -348.0210895128554            1.9417281273195137            -349.9628176401749            2546.49892674665              0.025726580548602992          0.005131993373589025          
28000.0                       299.7554437533772             -348.34241258401835           1.8985723842134592            -350.2409849682318            2546.49892674665              0.02431032831741667           0.005422574976475137          
28250.0                       322.7279800476541             -347.973946603557             2.0440744056531086            -350.01802100921014           2546.49892674665              0.026910103072382414          0.005107670510804482          
28500.0                       313.52772388681115            -348.37053580349476           1.9858023954572324            -350.356338198952             2546.49892674665              0.0209579236942362            0.004465899818971566          
28750.0                       283.4086423494679             -348.6451410871198            1.7950360302874955            -350.4401771174073            2546.49892674665              0.024464980357040592          0.00486123854490958           
29000.0                       346.1920566437781             -348.7682820796536            2.1926897144817357            -350.96097179413533           2546.49892674665              0.02059630419310718           0.004703115787923509          
29250.0                       302.17614721811833            -348.27231844958357           1.9139044852454878            -350.18622293482906           2546.49892674665              0.022502456219414303          0.0054425864704252805         
29500.0                       277.8953797941532             -348.78802196807413           1.7601164708514017            -350.54813843892555           2546.49892674665              0.02580204801490007           0.005399142772192701          
29750.0                       325.3168389736868             -348.656308871223             2.0604715592862353            -350.71678043050923           2546.49892674665              0.02057255604949815           0.0053229292723618446         
30000.0                       306.26125999207665            -348.67972435072903           1.9397785184304062            -350.6195028691594            2546.49892674665              0.021589076646766594          0.006035514304768545          
