CMo16S32_a742ee
time                          T                             E_tot                         E_kin                         E_pot                         V                             MSD                           P_internal                    
0                             300.00000000000006            -344.5488650306413            1.9001213393563956            -346.4489863699977            2546.49892674665              0.0                           0.01747126941817932           
250.0                         335.9771008382821             -347.95317276115514           2.1279908627930513            -350.0811636239482            2546.49892674665              0.006634381315712397          0.008755400944415414          
500.0                         238.89890005496252            -348.53270122639026           1.5131229931440167            -350.04582421953427           2546.49892674665              0.007719263787250083          0.008451564474584476          
750.0                         279.033615965242              -348.31800960127987           1.7673257603111123            -350.085335361591             2546.49892674665              0.006527784567214185          0.008064650004426641          
1000.0                        333.63661984715213            -348.14802845359105           2.113166869874371             -350.2611953234654            2546.49892674665              0.007182190597021702          0.007885841498271958          
1250.0                        273.38745030255717            -348.08430545359266           1.7315644274404165            -349.81586988103305           2546.49892674665              0.008224446046849725          0.007622105276458052          
1500.0                        286.14021066619705            -348.42524718568075           1.8123370677825847            -350.23758425346335           2546.49892674665              0.0053269236252657115         0.009035768856329613          
1750.0                        307.17313146723717            -348.35379758236974           1.945554073259416             -350.29935165562915           2546.49892674665              0.004693575260758639          0.00917290989901979           
2000.0                        286.5064627111645             -348.27734652170534           1.8146568122033366            -350.0920033339087            2546.49892674665              0.006272366067082671          0.009122783897318293          
2250.0                        312.7856977641572             -348.32511480169893           1.9811025965571833            -350.30621739825614           2546.49892674665              0.005508249391661267          0.010289107050832238          
2500.0                        316.7643328550281             -347.7825732905956            2.0063022280161036            -349.78887551861175           2546.49892674665              0.005262720207158484          0.009957568594435773          
2750.0                        318.36734940036774            -348.3040744062879            2.0164553144999076            -350.3205297207878            2546.49892674665              0.009535985319366702          0.006067756554137713          
3000.0                        281.82048623537355            -348.38354196864975           1.7849770658787618            -350.1685190345285            2546.49892674665              0.013761884266073787          0.007940367956289834          
3250.0                        294.4876118303991             -348.52570525003125           1.8652073180501474            -350.3909125680814            2546.49892674665              0.01636900137020932           0.006432174830881078          
3500.0                        343.2760813276134             -348.0986493477459            2.174220691404132             -350.27287003915              2546.49892674665              0.019744105388694144          0.006581016560800279          
3750.0                        258.79539454231104            -349.0622508673889            1.6391421723233428            -350.70139303971223           2546.49892674665              0.02254982053568483           0.0038856017934039504         
4000.0                        353.7251085469086             -348.28917759397274           2.240402090053794             -350.52957968402654           2546.49892674665              0.02101199427689637           0.005081029749153929          
4250.0                        317.0455123611212             -348.5281106600931            2.0080831452818275            -350.5361938053749            2546.49892674665              0.027310471620789763          0.004586864027469108          
4500.0                        229.80953210189548            -349.20052340273924           1.4555533197810673            -350.6560767225203            2546.49892674665              0.030360215447487578          0.003962877452340607          
4750.0                        335.39146107498425            -348.65617260484095           2.1242815740883247            -350.7804541789293            2546.49892674665              0.028380985408486013          0.005004013715288956          
5000.0                        252.83435584033396            -349.1296520781177            1.601386516182156             -350.7310385942999            2546.49892674665              0.031001661881206413          0.007195243439925413          
5250.0                        315.8610189632606             -349.51641630904817           2.0005808746764884            -351.51699718372464           2546.49892674665              0.03600846571400631           0.004006254445004163          
5500.0                        306.86189623477213            -349.0292734736298            1.9435827909035281            -350.97285626453333           2546.49892674665              0.03196532185537813           0.0030257728533977994         
5750.0                        297.24702155462273            -349.1784020217067            1.8826846957202301            -351.0610867174269            2546.49892674665              0.03234684031582223           0.0036331983300120878         
6000.0                        318.61892999965926            -349.0424170936416            2.018048760050847             -351.06046585369245           2546.49892674665              0.03254461901035646           0.003662147774957816          
6250.0                        289.1023680864539             -348.97113048716676           1.8310985961984614            -350.8022290833652            2546.49892674665              0.028267365950121227          0.0051273237009482305         
6500.0                        256.53049447485137            -349.2253989901934            1.6247968891577098            -350.85019587935113           2546.49892674665              0.02979911147839993           0.004791384334751817          
6750.0                        281.7657070851148             -349.317355447511             1.7846301091042338            -351.1019855566152            2546.49892674665              0.030139417689289818          0.006045261681096412          
7000.0                        229.33110275393724            -349.5070665159438            1.4525230737363013            -350.9595895896801            2546.49892674665              0.028745184464375774          0.0063492708277225725         
7250.0                        378.4950282546621             -348.5083788483518            2.3972882667566173            -350.90566711510843           2546.49892674665              0.0332340757065498            0.0020886734507167            
7500.0                        333.14200738497925            -348.85134693165463           2.1100341242274165            -350.96138105588204           2546.49892674665              0.037411764683697876          0.0033911983207862966         
7750.0                        304.595574532485              -348.95850774548836           1.9292285034756536            -350.887736248964             2546.49892674665              0.03832606641607188           0.005819191055285331          
8000.0                        385.1256460860351             -348.74314338451387           2.439284861538314             -351.1824282460522            2546.49892674665              0.03279809533088455           0.0029117861734992965         
8250.0                        265.48535011134123            -349.15212056561035           1.6815145967768774            -350.8336351623872            2546.49892674665              0.02701099081234464           0.004619849169169549          
8500.0                        276.16397578546344            -349.24520086964094           1.7491502118382065            -350.9943510814791            2546.49892674665              0.03186149075300548           0.002759708603631807          
8750.0                        272.28127773676874            -349.22332838255585           1.7245582204495322            -350.9478866030054            2546.49892674665              0.02876097638108946           0.00397921348896602           
9000.0                        315.66186992622255            -349.2032048323954            1.999319516893194             -351.2025243492886            2546.49892674665              0.03617535606315526           0.00393067297036341           
9250.0                        345.12403617242046            -348.93687833521795           2.1859251528534154            -351.1228034880714            2546.49892674665              0.02957600745285986           0.004079347324422007          
9500.0                        259.8321515081834             -349.39855318730616           1.6457087191052777            -351.04426190641146           2546.49892674665              0.032098759985199496          0.003033834264306793          
9750.0                        287.01208090496937            -348.73872412848345           1.8178592652687218            -350.5565833937522            2546.49892674665              0.0414835031391109            0.00138675591707005           
10000.0                       371.02965899515607            -348.4032550276312            2.350004575302742             -350.75325960293395           2546.49892674665              0.02860529475177562           0.005468889085592894          
10250.0                       312.0798629186367             -348.98196455052977           1.9766320237170676            -350.9585965742468            2546.49892674665              0.032848864465821165          0.003669851167258986          
10500.0                       318.2144808393706             -348.75137366062665           2.0154870851170164            -350.76686074574366           2546.49892674665              0.04183910873102339           0.002566182556254668          
10750.0                       219.79150059252515            -349.74190302695706           1.3921017349500695            -351.13400476190714           2546.49892674665              0.03481290382665239           0.0036080983011295906         
11000.0                       305.5859725996996             -348.93362466550343           1.9355014251488931            -350.86912609065234           2546.49892674665              0.03689945068188791           0.0038972073519431215         
11250.0                       321.605505244072              -348.98460221374904           2.036964944562521             -351.02156715831154           2546.49892674665              0.03204454316260223           0.003759014607495023          
11500.0                       263.0548345746352             -349.48078089836207           1.6661203486537695            -351.1469012470158            2546.49892674665              0.03485215467910127           0.002849350072115019          
11750.0                       370.9906722444507             -348.905201329292             2.3497576434461838            -351.2549589727382            2546.49892674665              0.02829654755488345           0.006917560997865912          
12000.0                       323.5664307296752             -348.90122453334106           2.0493849324294624            -350.9506094657705            2546.49892674665              0.033725688670315564          0.003394364078229842          
12250.0                       268.5421538662986             -349.3031654633156            1.700875590260275             -351.0040410535759            2546.49892674665              0.029926551815480977          0.0026431811499943933         
12500.0                       313.8116216482989             -348.8297762960524            1.9876005294398937            -350.81737682549226           2546.49892674665              0.030263828416853034          0.004301350793819963          
