CMo16S32_d0f317
time                          T                             E_tot                         E_kin                         E_pot                         V                             MSD                           P_internal                    
0                             299.99999999999994            -344.5488650306413            1.900121339356395             -346.4489863699977            2546.49892674665              0.0                           0.017471269418179322          
250.0                         309.1706611333617             -347.82576971461924           1.9582059024080851            -349.78397561702735           2546.49892674665              0.00794482484033648           0.009356844040701124          
500.0                         242.77420336613872            -348.18411018460506           1.5376681482041648            -349.7217783328092            2546.49892674665              0.009110684704160146          0.0076293914073058446         
750.0                         332.92945769195               -348.09431674869836           2.108687890202755             -350.2030046389011            2546.49892674665              0.005696749050029029          0.006849303097137406          
1000.0                        340.3662085518276             -348.23926737291083           2.1557903202171893            -350.395057693128             2546.49892674665              0.00915390710863902           0.007248712263876714          
1250.0                        290.4164280104625             -348.12472482373363           1.8394215072078004            -349.96414633094145           2546.49892674665              0.008553591202375541          0.006205276655780583          
1500.0                        312.6462307584102             -348.77810766372716           1.9802192491113302            -350.75832691283847           2546.49892674665              0.03350927083414249           0.003065455298438383          
1750.0                        290.686974413717              -349.41844175595133           1.8411350771881672            -351.2595768331395            2546.49892674665              0.036300255755611646          0.005171842576346793          
2000.0                        368.1317036473648             -348.7877816113743            2.3316496859799414            -351.11943129735425           2546.49892674665              0.034497040131764724          0.005844059100369197          
2250.0                        270.321225782667              -349.46304203758683           1.7121437653020792            -351.1751858028889            2546.49892674665              0.029001828051371723          0.0048291537469178905         
2500.0                        298.3628408408881             -349.0271822452156            1.8897520025092245            -350.91693424772484           2546.49892674665              0.03052314129734514           0.004256639953878588          
2750.0                        339.1948923660073             -349.0052294018075            2.1483715106178205            -351.15360091242536           2546.49892674665              0.03292102721865464           0.004863660289569879          
3000.0                        276.6072258185319             -348.993125652004             1.7519576413265525            -350.74508329333054           2546.49892674665              0.03131754523111488           0.004995231789674037          
3250.0                        276.7537168696904             -349.2531111025674            1.7528854772343225            -351.0059965798017            2546.49892674665              0.03192146951973182           0.0030729490786492106         
3500.0                        288.8005702208942             -348.8198002438293            1.829187087650054             -350.64898733147936           2546.49892674665              0.03615091274240845           0.002208909317971869          
3750.0                        343.48877358717385            -349.057635132105             2.1755678284078215            -351.23320296051287           2546.49892674665              0.03324838034128722           0.004750058346944897          
4000.0                        314.70578200995305            -348.9153482527346            1.993263906719846             -350.90861215945444           2546.49892674665              0.029812774360313106          0.0050336800063338185         
4250.0                        285.298557327075              -349.1093645763021            1.8070062562158968            -350.916370832518             2546.49892674665              0.038432354546017566          0.005256943985995024          
4500.0                        288.14312092971676            -349.38407801885245           1.8250229762243506            -351.2091009950768            2546.49892674665              0.0349234217597699            0.0038961170493225753         
4750.0                        304.9536136380976             -349.18413697949785           1.9314962292919824            -351.11563320878986           2546.49892674665              0.03265604710699038           0.0024510907410820186         
5000.0                        341.4662848510314             -349.0146499777766            2.1627579150539806            -351.1774078928306            2546.49892674665              0.033780774918830636          0.004533967785029433          
5250.0                        273.1382228454181             -349.4774595000781            1.7299858860748716            -351.207445386153             2546.49892674665              0.02761675542918621           0.005146245186052092          
5500.0                        343.3596498595921             -348.92304294908735           2.1747499925738367            -351.09779294166117           2546.49892674665              0.03609060046058962           0.003726471711246074          
5750.0                        283.09840451560524            -349.0825992619674            1.7930710651928348            -350.87567032716026           2546.49892674665              0.0329880950708453            0.0028308520323919394         
6000.0                        307.818645585075              -349.22861470494746           1.9496425904266141            -351.17825729537407           2546.49892674665              0.03387410475121265           0.0044957806579136            
6250.0                        376.6065571182108             -348.2728757214479            2.385327185739518             -350.65820290718744           2546.49892674665              0.027268028923111254          0.0028906875882052058         
6500.0                        303.6726299491422             -348.2666158467265            1.9233828144828105            -350.1899986612093            2546.49892674665              0.03570006321848919           0.00328272844317748           
6750.0                        278.872770840175              -349.459988790105             1.766307009462875             -351.2262957995679            2546.49892674665              0.030978393038097345          0.005573537932705795          
7000.0                        308.0378175496804             -349.260571119024             1.9510307681830659            -351.21160188720705           2546.49892674665              0.03365877613607927           0.005415908773636651          
7250.0                        298.73003927492704            -349.0464261742799            1.8920777411102097            -350.9385039153901            2546.49892674665              0.04422395541689334           0.0043077055622656926         
7500.0                        287.81056016415454            -349.008235810516             1.8229166235334258            -350.83115243404944           2546.49892674665              0.03269442895196324           0.0028200501821884923         
7750.0                        295.01211588887844            -349.6961503225411            1.8685293892304662            -351.56467971177153           2546.49892674665              0.030209294248249363          0.0037734065621155143         
8000.0                        265.88171011357065            -349.30507114527643           1.6840250371045558            -350.989096182381             2546.49892674665              0.033154756371039255          0.0042834217293471555         
8250.0                        354.58090486179395            -348.4912751620297            2.2458224795206485            -350.73709764155035           2546.49892674665              0.03329630602387724           0.006817183593991639          
8500.0                        358.47588225359186            -348.67204339819625           2.2704922450488683            -350.9425356432451            2546.49892674665              0.029834616449093493          0.004076995556139317          
8750.0                        392.7870620613276             -347.97077326224644           2.4878102614861115            -350.45858352373256           2546.49892674665              0.0327130274511584            0.004752784206416934          
9000.0                        328.7443134861274             -349.1824535835404            2.0821802841568635            -351.2646338676973            2546.49892674665              0.03579128495909842           0.0020737811383111948         
9250.0                        303.469877367162              -348.9553873145091            1.9220986327907097            -350.8774859472998            2546.49892674665              0.02951727444039633           0.0054059015830597345         
9500.0                        289.04155843094725            -349.4812120978128            1.8307134437849042            -351.3119255415977            2546.49892674665              0.03245496876398209           0.0043718761902710405         
9750.0                        316.98282540450197            -349.1355603966188            2.0076861025352555            -351.1432464991541            2546.49892674665              0.027716937316174434          0.0064255420882188856         
10000.0                       351.9347770296194             -349.0494778104988            2.2290625996520492            -351.2785404101508            2546.49892674665              0.03266632251278474           0.00675417303543219           
10250.0                       315.875504021087              -349.08387867530143           2.0006726192347477            -351.0845512945362            2546.49892674665              0.034943646675356335          0.007040984664249645          
10500.0                       281.78151456068747            -348.9942642223241            1.7847302295097571            -350.77899445183385           2546.49892674665              0.030458667738963493          0.004526916389013794          
10750.0                       327.10739361391836            -348.86589282437615           2.0718124628901937            -350.93770528726634           2546.49892674665              0.03382284143428015           0.003672532195966217          
11000.0                       316.656643797486              -349.13888147085              2.005620153761934             -351.1445016246119            2546.49892674665              0.027159724824145706          0.002572225791501242          
11250.0                       305.1270912340742             -348.9245489078617            1.9325949908987003            -350.8571438987604            2546.49892674665              0.03574442913343218           0.006036485744640146          
11500.0                       226.39941549777384            -349.9863860735402            1.4339545353504504            -351.4203406088906            2546.49892674665              0.03247026211779304           0.0049753819500751245         
11750.0                       327.079140300942              -348.94746927204045           2.071633513813881             -351.01910278585433           2546.49892674665              0.035853961673595815          0.003507556708352108          
12000.0                       308.70618614440104            -348.9763975982463            1.9552640396143466            -350.93166163786066           2546.49892674665              0.033849548803823834          0.003879955022265386          
12250.0                       299.36116381940633            -349.01694360381083           1.8960751184927322            -350.91301872230355           2546.49892674665              0.030196114557751032          0.004556227598556895          
12500.0                       317.3963705469567             -348.83026450808325           2.0103053890351403            -350.84056989711837           2546.49892674665              0.03475835730330035           0.003641087669230454          
