CMo16S32_885303
time                          T                             E_tot                         E_kin                         E_pot                         V                             MSD                           P_internal                    
0                             300.0                         -344.5488650306413            1.9001213393563954            -346.4489863699977            2546.49892674665              0.0                           0.01747126941817931           
250.0                         487.83065111284617            -346.90513748128245           3.089791433905479             -349.9949289151879            2546.49892674665              0.043641142163936504          0.002376985142040511          
500.0                         323.78273651703705            -348.1807653198556            2.050754956570771             -350.23152027642635           2546.49892674665              0.048541109574897365          0.002322255312636665          
750.0                         295.13022312458827            -348.847271518722             1.8692774494934814            -350.7165489682155            2546.49892674665              0.03110572133753639           0.002575463945913235          
1000.0                        251.67020874890764            -349.51599076799505           1.5940131137469267            -351.110003881742             2546.49892674665              0.036146100924376534          0.0021565423201241017         
1250.0                        343.61361292534764            -348.75927438440476           2.176358528042672             -350.93563291244743           2546.49892674665              0.030003301956429678          0.005149463803599978          
1500.0                        282.685726559938              -348.8899898744507            1.7904572712266837            -350.68044714567736           2546.49892674665              0.0369176689612418            0.00639278904148836           
1750.0                        304.5926316989366             -348.8436022199142            1.9292098643395754            -350.77281208425376           2546.49892674665              0.0388646902558647            0.004089351801894092          
2000.0                        354.20276425292               -348.4956400155651            2.2434274360533197            -350.7390674516184            2546.49892674665              0.032309680975376495          0.004065201120094219          
2250.0                        254.8663477890514             -349.0889737381857            1.614256620392684             -350.70323035857837           2546.49892674665              0.03923750311357808           0.003329882591978526          
2500.0                        263.25739136256925            -349.58089092123004           1.6674032902377196            -351.24829421146774           2546.49892674665              0.03578658973254709           0.003224736968273743          
2750.0                        328.5532497951378             -348.97722863401367           2.080970136835445             -351.0581987708491            2546.49892674665              0.03375643504495804           0.0008099642409050513         
3000.0                        362.91781684979276            -348.8660372954671            2.298626294096424             -351.16466358956353           2546.49892674665              0.029954472240785627          0.004943677192012374          
3250.0                        370.07778595417756            -348.7511017111057            2.3439756610443374            -351.09507737215006           2546.49892674665              0.03391308675417382           0.007387050717444656          
3500.0                        285.79708235072314            -349.1199021393005            1.8101637830013535            -350.9300659223019            2546.49892674665              0.03485557195337159           0.007542592058264641          
3750.0                        328.6952609739298             -349.00367398669056           2.081869598406278             -351.08554358509684           2546.49892674665              0.031660625189917774          0.005000199230113251          
4000.0                        334.6183755448512             -348.89451821547306           2.1193850530451463            -351.0139032685182            2546.49892674665              0.03497513186475956           0.002737251581364137          
4250.0                        268.66093212358044            -349.1048598326599            1.7016279005979844            -350.8064877332579            2546.49892674665              0.0288561055023986            0.0011483926594725215         
4500.0                        297.266361542611              -349.1333950206684            1.8828071901331616            -351.01620221080157           2546.49892674665              0.03372972720373763           0.0033427398898951467         
4750.0                        264.2982326657107             -348.7555171385297            1.673995706140995             -350.4295128446707            2546.49892674665              0.02990984885591322           0.0044771465074169075         
5000.0                        351.5084983083777             -348.3164530120114            2.2263626620028996            -350.54281567401426           2546.49892674665              0.03320437731800923           0.004986019758172744          
5250.0                        360.31096420768205            -348.6473385399389            2.28211517298365              -350.92945371292257           2546.49892674665              0.03182013845331767           0.0056055233120520095         
5500.0                        326.7390044325352             -348.55513277219              2.0694791824077465            -350.62461195459775           2546.49892674665              0.03575976123291584           0.0058030356875362074         
5750.0                        306.0860189564988             -348.8647442039755            1.9386685876596317            -350.8034127916351            2546.49892674665              0.03539907278105329           0.005931230912924975          
6000.0                        319.140426678397              -348.98803094035486           2.021351783276424             -351.0093827236313            2546.49892674665              0.028076780971766836          0.004336349551599909          
6250.0                        309.38733516664826            -349.24259128419607           1.9595782589225255            -351.2021695431186            2546.49892674665              0.029897845594839684          0.0038830164801811136         
6500.0                        356.16447865698785            -348.8531856291246            2.25585242072296              -351.1090380498476            2546.49892674665              0.030390104030779675          0.005688632053357418          
6750.0                        245.9648411141393             -349.4027694938173            1.5578768111079377            -350.9606463049252            2546.49892674665              0.02804406649722454           0.0059032180812336335         
7000.0                        296.26703162901396            -349.03426024710706           1.8764776964868852            -350.9107379435939            2546.49892674665              0.03394005412068337           0.005585227690870921          
7250.0                        263.89158712111464            -349.32973465914523           1.6714201198848573            -351.0011547790301            2546.49892674665              0.03533149104453469           0.0022187966128881876         
7500.0                        287.5421451011142             -348.9023330859988            1.821216552903134             -350.72354963890194           2546.49892674665              0.03540520474905972           0.0026088402580104193         
7750.0                        315.77894319184725            -348.63094876588997           2.0000610282607996            -350.63100979415077           2546.49892674665              0.033082418739445875          0.0016433752952117785         
8000.0                        338.2094328181127             -348.5376133783319            2.1421298682310637            -350.67974324656296           2546.49892674665              0.032455451565302156          0.006067666137094429          
8250.0                        291.04757544357534            -348.92679777763607           1.8434190295609263            -350.770216807197             2546.49892674665              0.03646618597662917           0.005701113202441488          
8500.0                        351.8148378896757             -348.59939534925724           2.2283029365879456            -350.8276982858452            2546.49892674665              0.03603416235638271           0.005198895129414555          
8750.0                        278.66213946052073            -349.0507272279025            1.7649729255321442            -350.81570015343465           2546.49892674665              0.03131587062128081           0.007541485889646971          
9000.0                        337.0291275615234             -348.96606359104925           2.1346541242143977            -351.10071771526367           2546.49892674665              0.03351634224353728           0.006228425336074401          
9250.0                        307.96031380897006            -349.12871105186923           1.9505398798110531            -351.0792509316803            2546.49892674665              0.02923427550450379           0.004700887321452661          
9500.0                        305.04143277458826            -349.2410987187562            1.9320524526761482            -351.1731511714323            2546.49892674665              0.034055687709203086          0.004613107758770226          
9750.0                        271.1553906958891             -349.30624079819165           1.717427147142598             -351.02366794533424           2546.49892674665              0.029712719051763446          0.00398004264759073           
10000.0                       353.5189454465692             -348.84484245821466           2.2390963070326517            -351.0839387652473            2546.49892674665              0.03372013518848423           0.0017569736798711854         
10250.0                       302.95055779784855            -348.68618728841693           1.9188093988053834            -350.6049966872223            2546.49892674665              0.03653082415386592           0.0006666450474287055         
10500.0                       301.5465053858055             -348.78321157072065           1.9099164989730577            -350.6931280696937            2546.49892674665              0.028176167423151002          0.0032754746908439957         
10750.0                       301.7053981213447             -349.2537432958709            1.9109228838979464            -351.16466617976886           2546.49892674665              0.031071227088094674          0.004118319112698214          
11000.0                       312.61536398452216            -348.9885911949989            1.9800237470588575            -350.96861494205774           2546.49892674665              0.0366809347509279            0.0024830063848842684         
11250.0                       272.98985913955033            -349.0139643745406            1.7290461892631868            -350.74301056380375           2546.49892674665              0.030758704975063843          0.004246249863278736          
11500.0                       275.4240042353828             -349.33194128573905           1.7444634260621237            -351.07640471180116           2546.49892674665              0.02906698917826094           0.0035041102139543923         
11750.0                       242.33120527308424            -349.3606395914688            1.534862314437808             -350.8955019059066            2546.49892674665              0.027955270595043036          0.004610781444818637          
12000.0                       327.97601770067587            -348.93393309139225           2.077314100100617             -351.0112471914929            2546.49892674665              0.028494168157516143          0.005062173895415978          
12250.0                       321.08240388766933            -349.1787222034591            2.0336517577293645            -351.21237396118846           2546.49892674665              0.026388053227269233          0.0030946805028522393         
12500.0                       250.06945079110574            -349.6945669214051            1.58387433256438              -351.2784412539695            2546.49892674665              0.03477462178377461           0.0033425636144842233         
12750.0                       391.78498085267825            -348.26772895497874           2.481463341858369             -350.7491922968371            2546.49892674665              0.03332227994285977           0.0050423499077445364         
13000.0                       343.9004194997991             -349.0200644076995            2.1781750856839484            -351.1982394933835            2546.49892674665              0.031195434018684586          0.004957525150092501          
13250.0                       324.00930870085995            -348.97992808232215           2.0521900053753925            -351.03211808769754           2546.49892674665              0.029699090762641284          0.005781389556671426          
13500.0                       308.1249861689553             -349.32941561287663           1.9515828713617536            -351.2809984842384            2546.49892674665              0.027655344302004614          0.005168653710610834          
13750.0                       266.85039848519534            -349.1717302690156            1.6901604552582574            -350.86189072427385           2546.49892674665              0.03544255106689061           0.005952831493573906          
14000.0                       291.0201709075224             -348.89413060531643           1.843245456415095             -350.73737606173154           2546.49892674665              0.031785178172616266          0.002230275445133002          
14250.0                       278.806566369245              -349.29316181915704           1.7658876877029586            -351.05904950686              2546.49892674665              0.036263476277890346          0.004253687583092598          
14500.0                       334.43651442529654            -348.8635526635365            2.118233192398263             -350.98178585593473           2546.49892674665              0.03204515753656628           0.0034938290528065945         
14750.0                       253.71191072486977            -349.5192736191202            1.6069447187240324            -351.12621833784425           2546.49892674665              0.03846255015843122           0.00506221217420929           
15000.0                       317.14846742981285            -349.31143139882386           2.0087352356918804            -351.3201666345157            2546.49892674665              0.03214786094531228           0.005418237470316074          
15250.0                       321.1625412664548             -349.309685562403             2.034159326874399             -351.34384488927736           2546.49892674665              0.035192602527625017          0.00486490446400601           
15500.0                       324.5969650544052             -348.65686895136173           2.0559120666339914            -350.7127810179957            2546.49892674665              0.03103482125075389           0.005981471885691384          
15750.0                       333.1096173714249             -348.65452239159396           2.1098289743742944            -350.76435136596825           2546.49892674665              0.03390432030276292           0.004771389137426347          
16000.0                       279.3144209716159             -348.92122935534996           1.7691043055938094            -350.6903336609438            2546.49892674665              0.029635202233506814          0.0038454015601494976         
16250.0                       315.0241075827889             -349.32371538170827           1.9952800974325398            -351.3189954791408            2546.49892674665              0.03299896483251837           0.002156903159804678          
16500.0                       231.26637135959706            -349.0139357709773            1.4647805576529702            -350.47871632863024           2546.49892674665              0.03043497273155009           0.004392097713366841          
16750.0                       312.04377390426674            -348.7417589478376            1.976403445362665             -350.71816239320026           2546.49892674665              0.0333200387779107            0.0030736397169269405         
17000.0                       272.5007245113345             -349.3577480748866            1.725948138780217             -351.0836962136668            2546.49892674665              0.0312195902239416            0.0033991383740669453         
17250.0                       298.42142950693164            -348.9916605320614            1.89012308775787              -350.88178361981926           2546.49892674665              0.032594751909128             0.003846118041240671          
17500.0                       327.09596472526493            -348.9499312026938            2.0717400753061423            -351.0216712779999            2546.49892674665              0.03514506301671716           0.00446403282878227           
17750.0                       271.5396042636958             -349.3127810818741            1.7198606551394642            -351.0326417370136            2546.49892674665              0.03332211358587703           0.006104518879801418          
18000.0                       309.3759068251222             -348.9650395506066            1.9595058748038352            -350.92454542541043           2546.49892674665              0.027552296710942004          0.007197406087261992          
18250.0                       358.23191851220264            -348.80676353612535           2.2689470426787253            -351.0757105788041            2546.49892674665              0.031199876420433377          0.004249515062012735          
18500.0                       279.9056413919099             -349.0623549122989            1.7728489407166892            -350.83520385301557           2546.49892674665              0.034286685730175265          0.0040886502481708555         
18750.0                       325.2011193266188             -348.87035559347936           2.059738621383646             -350.930094214863             2546.49892674665              0.03822010259303007           0.0037660726007241138         
19000.0                       228.297817257401              -349.2363730691688            1.4459785143309145            -350.6823515834997            2546.49892674665              0.035039426126303376          0.0023056340687407817         
19250.0                       304.95342616614784            -349.1916756766301            1.9314950418938082            -351.1231707185239            2546.49892674665              0.03478336023593195           0.0018795549161960193         
19500.0                       365.68254700973256            -348.4694136784066            2.3161373700113033            -350.7855510484179            2546.49892674665              0.03217781845817895           0.003551424385733189          
19750.0                       287.85317952155697            -348.50074811102417           1.823186563368326             -350.3239346743925            2546.49892674665              0.027742423165284115          0.003876656831454958          
20000.0                       351.62775352894585            -348.389260367098             2.2271179933010035            -350.61637836039904           2546.49892674665              0.03181491378906626           0.0060058914063285404         
20250.0                       308.24564520614695            -349.0193362563427            1.9523470940662673            -350.97168335040897           2546.49892674665              0.02850288131763217           0.005353063242965983          
20500.0                       280.5726400792055             -349.24683677949764           1.7770735355135328            -351.02391031501116           2546.49892674665              0.031341805141818155          0.005604554027373025          
20750.0                       268.23406356168033            -349.5562059602971            1.6989242270527616            -351.2551301873499            2546.49892674665              0.03423816152117569           0.005795532108076711          
21000.0                       260.6766661790953             -349.6412172646239            1.6510576535972752            -351.29227491822115           2546.49892674665              0.03031244996111798           0.004798551931419145          
21250.0                       364.1860033827156             -348.9623601595882            2.306658655074728             -351.2690188146629            2546.49892674665              0.03238050520965107           0.0047868333387917315         
21500.0                       280.35896857229056            -348.78885161015904           1.7757201962138611            -350.5645718063729            2546.49892674665              0.03362308157987942           0.0018597300935000165         
21750.0                       326.69620539307255            -349.1599566436739            2.0692081045137902            -351.2291647481877            2546.49892674665              0.035671213531793776          0.0012472491738039374         
22000.0                       267.05720746944394            -349.3085497694635            1.6914703291387285            -351.00002009860225           2546.49892674665              0.03994131164242777           0.002884106546054192          
22250.0                       316.22136689551627            -348.94419238215477           2.0028632239953947            -350.9470556061502            2546.49892674665              0.031453205140449775          0.002247580322077835          
22500.0                       269.87527369373817            -349.39092545394556           1.7093192217003983            -351.10024467564597           2546.49892674665              0.03324334423393649           0.0030776846756155507         
22750.0                       299.26084863695894            -349.25377837456034           1.8954397484299665            -351.1492181229903            2546.49892674665              0.029215035024749116          0.0048055073689875424         
23000.0                       260.7679497093201             -349.391127046243             1.6516358195429812            -351.042762865786             2546.49892674665              0.03253831290220922           0.008062827306665249          
23250.0                       266.52511271188246            -348.83024267755644           1.688100180460721             -350.51834285801715           2546.49892674665              0.027732867594105672          0.006658931897203047          
23500.0                       273.49738757459056            -348.94603212254447           1.7322607412956872            -350.67829286384017           2546.49892674665              0.027218608327311503          0.005109798755903447          
23750.0                       273.7230036264126             -349.15751316714227           1.7336897342109152            -350.8912029013532            2546.49892674665              0.02959021333959612           0.0036476647946467543         
24000.0                       285.68345390378033            -349.2599033312497            1.8094440902120403            -351.0693474214617            2546.49892674665              0.036734325735829             0.0025223667915381244         
24250.0                       353.2209863684098             -348.51087017065794           2.2372091123570996            -350.74807928301504           2546.49892674665              0.03563098058960869           0.0018450010065196188         
24500.0                       368.72537199799024            -348.53879272631445           2.3354098256516878            -350.87420255196616           2546.49892674665              0.02539219828433354           0.005926873318686747          
24750.0                       246.98819952862726            -349.3525047436868            1.5643584949785327            -350.9168632386653            2546.49892674665              0.02925825559164835           0.004800533145954809          
25000.0                       253.68160159630787            -348.9009217166279            1.60675274865084              -350.50767446527874           2546.49892674665              0.03428769938763935           0.0045444848985398975         
25250.0                       317.4219189411222             -348.7410231880824            2.010467205864941             -350.75149039394734           2546.49892674665              0.04045860493697386           0.005127201552547468          
25500.0                       315.19426521372367            -348.7903957285084            1.996357831251185             -350.7867535597596            2546.49892674665              0.03514101773059368           0.0068152898376433076         
25750.0                       323.70385482890833            -348.65933561862704           2.0502553406411117            -350.70959095926816           2546.49892674665              0.032114568816214197          0.00551639778065948           
26000.0                       327.84271953030367            -349.1528295137185            2.0764698244405455            -351.229299338159             2546.49892674665              0.03668959074089484           0.003651952800886326          
26250.0                       298.3087999465052             -349.011623423555             1.8894097216538415            -350.9010331452089            2546.49892674665              0.03084539258005381           0.004853504921342354          
26500.0                       273.27325987204205            -349.3794494745346            1.7308411751945094            -351.1102906497291            2546.49892674665              0.029201198468819616          0.005885660388851417          
26750.0                       275.03513033943364            -349.24279205446237           1.7420004007687515            -350.9847924552311            2546.49892674665              0.03161374653189788           0.006514957514279299          
27000.0                       291.55652284530055            -349.22119784674504           1.846642568956353             -351.06784041570137           2546.49892674665              0.0335939159206409            0.0034434450862793043         
27250.0                       292.1143212343031             -348.71744072413793           1.850175517696361             -350.5676162418343            2546.49892674665              0.0364836113378402            0.0013393028153096953         
27500.0                       228.12061894930085            -349.3519354524629            1.4448561867091847            -350.79679163917206           2546.49892674665              0.036355133655004514          0.0029353524237411437         
27750.0                       289.51598755765417            -349.4204894682945            1.833718353477131             -351.2542078217716            2546.49892674665              0.031832073138399246          0.004826256752448429          
28000.0                       291.66201030249647            -349.0583612644469            1.8473106988511945            -350.90567196329806           2546.49892674665              0.036811990338276056          0.008240735762105314          
28250.0                       295.15039178711334            -349.0652843959787            1.8694051925136488            -350.93468958849235           2546.49892674665              0.03446481272500368           0.005766317481689141          
28500.0                       284.3970434350277             -349.2920915975386            1.8012963036025458            -351.09338790114117           2546.49892674665              0.03359869281086149           0.0054426157112315654         
28750.0                       296.00193636784087            -349.1558446939831            1.874798652611161             -351.0306433465943            2546.49892674665              0.03680851725625962           0.003575138467060153          
29000.0                       228.49305721912603            -349.5680936459852            1.4472151130561441            -351.0153087590413            2546.49892674665              0.034972237886156124          0.0038319824577700144         
29250.0                       300.5673441768197             -349.1678026581972            1.903714748613511             -351.07151740681076           2546.49892674665              0.02950551687183909           0.002633993480857298          
29500.0                       266.2910943459987             -349.1807464134911            1.686617969491331             -350.86736438298243           2546.49892674665              0.034603955259115554          0.003603730742558832          
29750.0                       335.5987466486689             -348.8058434242295            2.125594466561321             -350.93143789079085           2546.49892674665              0.0360401422575185            0.0018002610141940037         
30000.0                       347.415786499601              -348.9991168768693            2.2004404985239243            -351.1995573753932            2546.49892674665              0.03452221958825639           0.004686663465623254          
30250.0                       272.59780532103065            -349.40763097280944           1.7265630231740356            -351.1341939959835            2546.49892674665              0.03520202481388183           0.0020537156869261507         
30500.0                       336.5750630491043             -348.8907033510017            2.131778198649424             -351.02248154965116           2546.49892674665              0.03211290114686776           0.0030919194874250576         
30750.0                       304.03337002251556            -349.3649843186839            1.925667647520736             -351.2906519662047            2546.49892674665              0.03065008961519757           0.004279026917007739          
31000.0                       304.7011264892313             -348.6310782617891            1.9298970418937353            -350.5609753036829            2546.49892674665              0.04110526663876652           0.0046748197044970494         
31250.0                       276.3542551873181             -348.91545552774795           1.7503553916778865            -350.66581091942584           2546.49892674665              0.03492488903276763           0.004686615900198987          
31500.0                       388.8761014363539             -348.3514724168437            2.463039262349794             -350.8145116791935            2546.49892674665              0.0324929503681643            0.004284660546697201          
31750.0                       270.4913975564003             -349.0146153307045            1.7132215886975017            -350.72783691940197           2546.49892674665              0.040587015990083936          0.0025858265504362906         
32000.0                       288.79468514542236            -349.1099611350093            1.829149813125095             -350.9391109481344            2546.49892674665              0.03476866492868566           0.002934930667532454          
32250.0                       317.4615404249621             -348.70349492322117           2.0107181579547446            -350.7142130811759            2546.49892674665              0.03228857846317877           0.002673555906497767          
32500.0                       354.71135115480445            -348.78432366083575           2.246648692137279             -351.03097235297304           2546.49892674665              0.03192153838707624           0.004485960928162623          
32750.0                       294.4329051446708             -348.86763895595396           1.8648608202469548            -350.73249977620094           2546.49892674665              0.029016317554611905          0.0023066496464465105         
33000.0                       302.78458279315913            -348.7368621965405            1.9177581566446829            -350.65462035318524           2546.49892674665              0.03536117801592058           0.0019587402404672816         
33250.0                       367.0925798862774             -348.5797303786437            2.325068148537693             -350.9047985271814            2546.49892674665              0.03460955960014797           0.001535570875455628          
33500.0                       291.0986909730813             -349.35871476422756           1.8437427819222159            -351.2024575461498            2546.49892674665              0.034081114265089585          0.005085912425711085          
33750.0                       336.2521153034581             -349.15806568964325           2.129732732306093             -351.28779842194933           2546.49892674665              0.03348378918649473           0.007380925633446798          
34000.0                       275.61451143626823            -349.14001948760983           1.7456700487211352            -350.885689536331             2546.49892674665              0.033930855121500264          0.005770770627492926          
34250.0                       241.09310594141124            -349.3859877618801            1.527020517903292             -350.91300827978336           2546.49892674665              0.03660279599504359           0.0050559349676739095         
34500.0                       379.66191519506776            -348.48236868502073           2.4046790226768877            -350.8870477076976            2546.49892674665              0.04151897746500196           0.00297838168815674           
34750.0                       358.79760535597796            -348.78181389246384           2.272529954822894             -351.05434384728676           2546.49892674665              0.03600366006208822           0.002629237060270679          
35000.0                       342.59682080964234            -348.7441069406168            2.1699184333868686            -350.9140253740037            2546.49892674665              0.02743739085676213           0.005996431370653254          
35250.0                       342.91858127593315            -348.46403967534803           2.17195637981407              -350.6359960551621            2546.49892674665              0.03678080240393605           0.007210480955494497          
35500.0                       334.23048779226787            -348.9541164953905            2.1169282737252844            -351.0710447691158            2546.49892674665              0.03761545348354165           0.0032541584865922834         
35750.0                       335.5276939949894             -348.64963011761466           2.1251444376830735            -350.7747745552977            2546.49892674665              0.03591397340149771           0.00458370613937463           
36000.0                       337.47825603632253            -348.59543790094364           2.1374987862113257            -350.73293668715496           2546.49892674665              0.03202157814606316           0.0053354058875338915         
36250.0                       315.8061732093716             -348.9939882607625            2.00023349605203              -350.9942217568145            2546.49892674665              0.045733571273883715          0.0032649223419414855         
36500.0                       318.8304010504899             -349.24126962801495           2.0193881622386454            -351.2606577902536            2546.49892674665              0.032775366162865825          0.003160334529835527          
36750.0                       307.670288212887              -349.40409920506414           1.9487029337307966            -351.3528021387949            2546.49892674665              0.03154727594671098           0.004486920766794986          
37000.0                       313.7638041062657             -349.12120655754234           1.9872976656665176            -351.10850422320885           2546.49892674665              0.031296163840612796          0.0051291820153996385         
37250.0                       267.9807703380711             -348.9896579922663            1.6973199341884477            -350.68697792645474           2546.49892674665              0.02844181641643114           0.006616321829149919          
37500.0                       280.3708048831912             -349.1031351671103            1.7757951643035998            -350.87893033141387           2546.49892674665              0.032234727854865315          0.006499200822038614          
37750.0                       276.5442474246542             -349.1933992169682            1.7515587526928011            -350.944957969661             2546.49892674665              0.031804822607071466          0.004994038203697857          
38000.0                       282.5335615036036             -349.3297401721565            1.789493497657866             -351.1192336698144            2546.49892674665              0.03162378912960576           0.004986206408726984          
38250.0                       284.6842227364213             -349.4242704772018            1.8031152219985442            -351.22738569920034           2546.49892674665              0.036216215518011005          0.003782801532231207          
38500.0                       278.90998357832734            -349.1953420045874            1.766542705189072             -350.9618847097765            2546.49892674665              0.03474570149435499           0.0024698642397755046         
38750.0                       313.7791517485949             -348.9476734994986            1.987394873608846             -350.9350683731074            2546.49892674665              0.031793598189646645          0.0038502067911158604         
39000.0                       290.00328827795676            -349.65792372940376           1.8368047884682335            -351.494728517872             2546.49892674665              0.03958591556289016           0.003112248112431311          
39250.0                       261.108563930182              -349.4091814991861            1.6537931807081414            -351.06297467989424           2546.49892674665              0.039502225798354385          0.0042027430938078114         
39500.0                       335.5090305682113             -348.724873503334             2.1250262284314516            -350.84989973176545           2546.49892674665              0.03555834151017309           0.005019831863269834          
39750.0                       320.9166099509538             -349.2140633231557            2.032601662405734             -351.24666498556144           2546.49892674665              0.03132600052817658           0.004842136494264924          
40000.0                       251.2216503966157             -349.78870982242506           1.5911720627564718            -351.37988188518153           2546.49892674665              0.031213470777166904          0.004268008541626678          
40250.0                       281.44240537804933            -349.1534450150502            1.7825824008620823            -350.93602741591224           2546.49892674665              0.03221091157654951           0.005627328804746303          
40500.0                       324.63627916533045            -348.91422684353824           2.0561610719043477            -350.9703879154426            2546.49892674665              0.03789251788750602           0.00427611349580758           
40750.0                       310.37754133103533            -348.85637103468315           1.9658499651335728            -350.82222099981675           2546.49892674665              0.03704342641987362           0.00389655220637242           
41000.0                       278.66079721372074            -349.28654978641765           1.764964424092853             -351.0515142105105            2546.49892674665              0.0353791128462382            0.008316060813635803          
41250.0                       287.90589431358137            -349.07034294751384           1.8235204450390767            -350.89386339255293           2546.49892674665              0.034913971298207024          0.006447167844780913          
41500.0                       285.9695012969132             -349.0995968439401            1.8112558393979041            -350.910852683338             2546.49892674665              0.03983301818682291           0.004763283625300949          
41750.0                       295.312780982414              -349.328244513921             1.8704337230978876            -351.1986782370189            2546.49892674665              0.03666366653833457           0.0033120674604579102         
42000.0                       236.1318354083278             -349.32665618374364           1.495597131202519             -350.8222533149462            2546.49892674665              0.034257859007288186          0.0048073397063331915         
42250.0                       306.895920892767              -348.909514799635             1.943798294165929             -350.8533130938009            2546.49892674665              0.031511975976338064          0.0038824148446762272         
42500.0                       278.2747718098741             -349.2505629928113            1.7625194404015776            -351.0130824332129            2546.49892674665              0.030391211380284926          0.003846718453045989          
42750.0                       299.0626697762217             -348.5894634140218            1.8941845354889792            -350.4836479495108            2546.49892674665              0.03275295976840967           0.004883999197424269          
43000.0                       361.04878901091365            -348.3442067348419            2.286788361828073             -350.63099509667              2546.49892674665              0.02630449171005756           0.005496985617359868          
43250.0                       323.59063943278386            -348.5348164955162            2.0495382640073787            -350.5843547595236            2546.49892674665              0.03305602847002703           0.005787240559444331          
43500.0                       369.13015197467456            -348.3942326535314            2.337973595889828             -350.7322062494212            2546.49892674665              0.03262650037153524           0.004207760958465655          
43750.0                       308.26495179153625            -349.1761982620351            1.9524693769158952            -351.12866763895096           2546.49892674665              0.03048166268681415           0.005055829556994551          
44000.0                       361.0918118316202             -348.52331540868346           2.2870608570937523            -350.8103762657772            2546.49892674665              0.03367691736265243           0.0029766805392235766         
44250.0                       394.9678030096664             -348.6032120037221            2.501622502857934             -351.10483450658              2546.49892674665              0.030735928191777315          0.003108117882785003          
44500.0                       259.6519439568155             -348.84670243107956           1.64456733172572              -350.4912697628053            2546.49892674665              0.036637145452488064          0.0042576400541285446         
44750.0                       320.5847859589425             -348.6212749604302            2.0304999762452973            -350.6517749366755            2546.49892674665              0.032934136234938495          0.005279465525176192          
45000.0                       331.1622626491496             -348.5741457866986            2.0974949401639886            -350.67164072686256           2546.49892674665              0.041527314272995886          0.004157628242491331          
45250.0                       330.7473286852757             -348.7730904326831            2.0948668572333866            -350.8679572899165            2546.49892674665              0.03184205258616666           0.004250802374322214          
45500.0                       264.4761161996372             -349.13449779317295           1.675122373803441             -350.8096201669764            2546.49892674665              0.03374838947606788           0.0029070572472160634         
45750.0                       307.96580011118897            -348.85619670526546           1.9505746286107877            -350.80677133387627           2546.49892674665              0.030472521812040333          0.003593263744258241          
46000.0                       272.4924090215184             -349.2003605175294            1.725895470648061             -350.9262559881775            2546.49892674665              0.02961064758325553           0.005582516008541258          
46250.0                       243.66089952159228            -349.34446544113115           1.5432842491591734            -350.8877496902903            2546.49892674665              0.032717354241281915          0.004275114012110159          
46500.0                       247.6449675920088             -349.5377779967403            1.5685182916859963            -351.10629628842634           2546.49892674665              0.028430039520141073          0.00204540929020826           
46750.0                       283.1709377840115             -349.17399726133243           1.7935304718965417            -350.96752773322896           2546.49892674665              0.029243879191375947          0.0037563275550974427         
47000.0                       325.09417216193395            -349.1169774087161            2.0590612460843083            -351.1760386548004            2546.49892674665              0.0322253237073156            0.004567994890183951          
47250.0                       282.3664231079072             -349.11654416026954           1.788434886883571             -350.9049790471531            2546.49892674665              0.03132761725905709           0.006612049300742493          
47500.0                       314.6069188038035             -349.335432244503             1.9926377330942395            -351.32806997759724           2546.49892674665              0.029332124285934763          0.005939203643763391          
47750.0                       245.27695075356513            -349.13819641890206           1.5535198939303894            -350.69171631283245           2546.49892674665              0.028382829321020348          0.0061144664379331306         
48000.0                       279.4347438158934             -349.1546997992199            1.7698663989405552            -350.92456619816045           2546.49892674665              0.027808757105384396          0.004851442579474385          
48250.0                       329.49135937953145            -349.2452174784905            2.086911876968649             -351.33212935545913           2546.49892674665              0.03115468927149628           0.004547320536067845          
48500.0                       285.7021293441184             -349.4286683870951            1.8095623755544015            -351.2382307626495            2546.49892674665              0.03509934245802491           0.0036790576933351735         
48750.0                       305.98012440663217            -348.8099960759213            1.9379978793465547            -350.7479939552678            2546.49892674665              0.03029297004787681           0.002783468632120149          
49000.0                       310.2194135657859             -348.48483407030307           1.9648484253299219            -350.449682495633             2546.49892674665              0.03385168060668042           0.0053859435469956985         
49250.0                       329.1612207410862             -349.3346138014368            2.084820865395796             -351.41943466683256           2546.49892674665              0.03504788246170674           0.003158545146456039          
49500.0                       364.05744578257554            -348.7281361485494            2.305844404943519             -351.03398055349294           2546.49892674665              0.030094825851012495          0.0018139626547886277         
49750.0                       272.6368912403285             -348.9821270160106            1.7268105831384561            -350.70893759914907           2546.49892674665              0.03423979278157869           0.0032955526330677837         
50000.0                       294.43225297796386            -349.06637928491773           1.8648566895940324            -350.93123597451176           2546.49892674665              0.024764489300700965          0.004864002023714754          
50250.0                       276.27808276239875            -349.24988067049776           1.7498729355110205            -350.99975360600877           2546.49892674665              0.03492549113093381           0.0036005834133559095         
50500.0                       344.02286333384666            -348.9239002088753            2.1789506128237695            -351.10285082169906           2546.49892674665              0.0335764263385178            0.00355873906572048           
50750.0                       261.0312506410448             -348.9648068408481            1.6533034986064563            -350.6181103394546            2546.49892674665              0.030277497693274175          0.004032356109620301          
51000.0                       261.7993304769844             -349.32197041159816           1.6581683148951172            -350.9801387264933            2546.49892674665              0.03831094907517524           0.004555029205485455          
51250.0                       327.1204197782846             -349.3239079956675            2.0718949671998015            -351.3958029628673            2546.49892674665              0.03639989722340224           0.0024043415742910335         
51500.0                       228.38790180869486            -349.4452861287699            1.4465490862584474            -350.8918352150284            2546.49892674665              0.043696836841344545          0.00480823037669901           
51750.0                       279.6287705356955             -349.32666688366874           1.7710953133095593            -351.0977621969783            2546.49892674665              0.038862382190201376          0.003901410075242698          
52000.0                       288.5172151994509             -349.45635379474686           1.8273923912405265            -351.2837461859874            2546.49892674665              0.029228833438000437          0.0030808581048431655         
52250.0                       334.52812749239683            -349.0033832234745            2.1188134455441334            -351.1221966690186            2546.49892674665              0.03202290537695002           0.0020514999893902555         
52500.0                       252.66754015734566            -348.90656227250474           1.600329949385538             -350.50689222189027           2546.49892674665              0.03198294938563974           0.004767105732365822          
52750.0                       232.30266035983527            -349.5996890097394            1.47134414046328              -351.07103315020265           2546.49892674665              0.03423431114959434           0.0037095903866018742         
53000.0                       378.1736751473569             -348.27045682038994           2.3952529004344205            -350.66570972082434           2546.49892674665              0.035748042470899355          0.0039090917915568305         
53250.0                       356.8469208064336             -348.3118087202434            2.260174830359754             -350.57198355060314           2546.49892674665              0.028206487017190574          0.00514869497619236           
53500.0                       261.5163804268021             -349.25331619709885           1.6563761834673725            -350.90969238056624           2546.49892674665              0.033324955860215444          0.008485237639305901          
53750.0                       289.89518486377244            -348.86166039967276           1.8361200897877372            -350.6977804894605            2546.49892674665              0.03385422171341725           0.007069046257175891          
54000.0                       297.26602071692037            -349.1565379435249            1.8828050314326021            -351.0393429749575            2546.49892674665              0.033942007238473314          0.0036560794921469586         
54250.0                       251.17572171510906            -349.2239369242164            1.5908811625304076            -350.8148180867468            2546.49892674665              0.03146717967910464           0.0026481095597731563         
54500.0                       297.90066371416947            -348.9360091502478            1.8868246937724227            -350.82283384402024           2546.49892674665              0.03450555251735039           0.005894817595439517          
54750.0                       356.3281476141726             -348.89738497251534           2.256889056983417             -351.15427402949877           2546.49892674665              0.03374285743786744           0.003642189412686746          
55000.0                       296.1755686591425             -349.12181239092075           1.8758983940175065            -350.99771078493825           2546.49892674665              0.03166321472038516           0.003757803814659153          
55250.0                       286.5099024539568             -349.5054886381173            1.8146785986322753            -351.32016723674957           2546.49892674665              0.03395467301022295           0.001103348445770571          
55500.0                       291.5203827225953             -349.3768968553351            1.8464136668951558            -351.22331052223024           2546.49892674665              0.034088734957772045          0.002582320059885799          
55750.0                       248.4013174265219             -349.52574215363546           1.573308813221253             -351.09905096685674           2546.49892674665              0.029755769735986655          0.0034818591261620243         
56000.0                       322.0972706484638             -348.9902144477659            2.0400796576919946            -351.03029410545787           2546.49892674665              0.03276019798270474           0.004177581551903157          
56250.0                       333.1685538167527             -348.7982797807943            2.110202262365738             -350.90848204316006           2546.49892674665              0.03495459133137657           0.0058683250643248586         
56500.0                       334.5571406583048             -348.75224761230834           2.11899720732968              -350.87124481963804           2546.49892674665              0.03348445137470862           0.006122297288991039          
56750.0                       303.2318105325624             -348.8837844462595            1.9205907798819906            -350.8043752261415            2546.49892674665              0.02652537494783604           0.0032898747755136007         
57000.0                       259.6614823092887             -349.21747731395675           1.6446277451493088            -350.86210505910606           2546.49892674665              0.034336929797879605          0.003767566059520831          
57250.0                       277.5923916289238             -349.1930939645032            1.7581974232569857            -350.9512913877602            2546.49892674665              0.02690090935674888           0.004869752048466336          
57500.0                       298.6179747609393             -349.0736934139989            1.8913679538621675            -350.9650613678611            2546.49892674665              0.028550031615571486          0.005016513541959271          
57750.0                       299.3194022520907             -349.2179613044746            1.8958106116753275            -351.1137719161499            2546.49892674665              0.035292675665324694          0.0024422435883955343         
58000.0                       322.1201580950763             -348.80156076106164           2.0402246207777006            -350.8417853818393            2546.49892674665              0.03000415244046322           0.003555798174981741          
58250.0                       304.3497267556862             -349.23592583793993           1.927671368119225             -351.16359720605914           2546.49892674665              0.04152014996541429           0.0025362665253808297         
58500.0                       335.0126595192271             -348.47880819446203           2.1218823443567394            -350.60069053881875           2546.49892674665              0.029176580945678644          0.004166634326113377          
58750.0                       361.32449106109374            -348.5218009194997            2.2885345863242446            -350.81033550582396           2546.49892674665              0.036494552276031225          0.0006081268881779203         
59000.0                       275.5624155361328             -349.0450597851965            1.745340086949334             -350.7903998721458            2546.49892674665              0.03505060048537052           0.002264065892938799          
59250.0                       251.8968305355466             -349.43042387043926           1.5954484767227792            -351.025872347162             2546.49892674665              0.031183554154713494          0.0032948087220461115         
59500.0                       281.4043698890401             -349.17377751166885           1.7823414940476843            -350.9561190057165            2546.49892674665              0.034312952349013             0.0033525994362733256         
59750.0                       294.891425908874              -349.3134994658876            1.8677649705422896            -351.1812644364299            2546.49892674665              0.0346231519305648            0.004796857237187342          
60000.0                       342.87490052780845            -348.7530681626026            2.171679717408634             -350.9247478800112            2546.49892674665              0.03094687740298671           0.006003577210948036          
60250.0                       290.83501667823424            -349.2095145243187            1.84207273807462              -351.05158726239335           2546.49892674665              0.03348211396614464           0.005603598476538234          
60500.0                       263.02103225759885            -349.2464342192577            1.6659062536407012            -350.9123404728984            2546.49892674665              0.03261717548581962           0.0038551957074525723         
60750.0                       253.33572384024868            -349.27584518182397           1.6045620496338506            -350.8804072314578            2546.49892674665              0.03460187619874453           0.003690873580298824          
61000.0                       282.55929827996886            -348.9385494988387            1.7896565076511255            -350.7282060064898            2546.49892674665              0.030179700256160794          0.0057157313871541516         
61250.0                       366.90164716521264            -348.4419739022259            2.323858830745438             -350.7658327329714            2546.49892674665              0.025627241993262485          0.006051632285288337          
61500.0                       307.58028957692375            -349.0785405035789            1.948132905968441             -351.02667340954736           2546.49892674665              0.028230628118821093          0.005493322790153182          
61750.0                       300.69424856219666            -349.1631603401714            1.9045185277158865            -351.06767886788725           2546.49892674665              0.028884102438540983          0.0044659358688507395         
62000.0                       298.4693150895707             -349.0916245896579            1.8904263824826035            -350.9820509721405            2546.49892674665              0.03447239797118576           0.004208109972649082          
62250.0                       300.1142615642727             -349.46271149755535           1.9008450421448713            -351.3635565397002            2546.49892674665              0.033223119759192524          0.0033046499819707697         
62500.0                       293.5494423605872             -349.10434784104916           1.8592651986184063            -350.96361303966756           2546.49892674665              0.030695961208301224          0.0038865269116547117         
62750.0                       354.5932845285202             -348.7500501218863            2.245900889083717             -350.99595101097003           2546.49892674665              0.030484756096617563          0.0018645929518463            
63000.0                       341.79365429923547            -348.9705488584062            2.1648313873019336            -351.1353802457081            2546.49892674665              0.03337546533267932           0.004069993974668095          
63250.0                       319.8362148695613             -348.59609889674437           2.025758723242102             -350.6218576199865            2546.49892674665              0.03689251515185941           0.004529798754182389          
63500.0                       327.0314689930532             -348.9225878338568            2.071331576249232             -350.99391941010606           2546.49892674665              0.04016503582005809           0.004182039930414189          
63750.0                       284.2940642385945             -348.7758007217476            1.8006440603737042            -350.5764447821213            2546.49892674665              0.03299931347288742           0.008134342351555265          
64000.0                       360.10465761920216            -348.9078769092265            2.2808084811462486            -351.18868539037277           2546.49892674665              0.03821685431009564           0.008709588662762032          
64250.0                       319.72995092297515            -348.8319609686291            2.0250856752670603            -350.8570466438962            2546.49892674665              0.03508830349377351           0.006076490072184751          
64500.0                       307.41706312597057            -348.9774316352571            1.947099072426429             -350.9245307076836            2546.49892674665              0.03473209993016877           0.004221164562024726          
64750.0                       273.58588255609243            -349.2236277992627            1.732821245304946             -350.95644904456765           2546.49892674665              0.03198894456653966           0.002735344091979813          
65000.0                       281.85608824723306            -349.09879987190413           1.785202559686956             -350.8840024315911            2546.49892674665              0.02943959146542285           0.0021813014147014672         
65250.0                       353.9545113436367             -349.0385685014926            2.2418550672183644            -351.28042356871094           2546.49892674665              0.03794221536763055           0.0026772565499543154         
65500.0                       275.19934457073003            -349.14920703656463           1.743040490652459             -350.8922475272171            2546.49892674665              0.035580238732591446          0.0039025662514632913         
65750.0                       308.1820933634169             -349.07486363124303           1.9519445733578449            -351.02680820460085           2546.49892674665              0.03915100546798135           0.002989283372206082          
66000.0                       320.74897208019325            -349.16293227977934           2.0315398880873463            -351.1944721678667            2546.49892674665              0.03299620479919181           0.004111957169268917          
66250.0                       332.714776099273              -348.7198756314848            2.107328153284713             -350.8272037847695            2546.49892674665              0.031354904085864256          0.005889800354263404          
66500.0                       367.3241296598749             -348.7747905099627            2.3265347240908127            -351.10132523405355           2546.49892674665              0.02904977077649066           0.004469492964897732          
66750.0                       355.3346910544243             -348.81562860400487           2.250596763620412             -351.0662253676253            2546.49892674665              0.03149980836231113           0.003429447963554272          
67000.0                       331.9971149379062             -348.8488162433975            2.1027826756609116            -350.9515989190584            2546.49892674665              0.02986648676822075           0.004025011685841805          
67250.0                       295.0158166031518             -349.68542818369167           1.8685528285843382            -351.553981012276             2546.49892674665              0.033972097895371735          0.004357226582423505          
67500.0                       279.99718275364074            -348.78696337902096           1.773428739699551             -350.56039211872053           2546.49892674665              0.03406863243512078           0.003696685213562818          
67750.0                       290.1253231880554             -348.82025233928897           1.837577725590983             -350.65783006487993           2546.49892674665              0.03359560218824513           0.00369670720793488           
68000.0                       303.32908976892736            -348.8928914672155            1.9212069210583016            -350.8140983882738            2546.49892674665              0.03494859984166696           0.0037922292095062863         
68250.0                       373.97245000156795            -348.87038398193613           2.3686434419312397            -351.23902742386736           2546.49892674665              0.030095007980330657          0.004104939853863942          
68500.0                       285.93456268980424            -349.0238346107951            1.8110345474214533            -350.8348691582166            2546.49892674665              0.030781335083559527          0.0031320192656274976         
68750.0                       255.16827254063207            -349.0780866940672            1.6161689326038784            -350.6942556266711            2546.49892674665              0.03445635494022392           0.0038124997689474977         
69000.0                       352.78779766657397            -348.8316813731099            2.2344654087026785            -351.0661467818126            2546.49892674665              0.03186337883713165           0.004909603483897903          
69250.0                       321.68482927142634            -348.94212920255603           2.0374673621528534            -350.9795965647089            2546.49892674665              0.03221966928287486           0.003164311963564523          
69500.0                       382.5920145393808             -348.23855947329764           2.4232375036454323            -350.6617969769431            2546.49892674665              0.031384062456719375          0.003093248516095439          
69750.0                       306.3926387524501             -348.9862474172261            1.940610637050819             -350.9268580542769            2546.49892674665              0.03552301406757518           0.0006228126882248325         
70000.0                       267.580005462934              -348.52922330216995           1.6947815945507394            -350.2240048967207            2546.49892674665              0.03328614926338572           0.0024047361263711806         
70250.0                       391.70954709281136            -348.47753671371237           2.480985564202266             -350.95852227791465           2546.49892674665              0.03488216698818101           0.004181799475585589          
70500.0                       363.0305986469926             -348.68613785687904           2.2993406244282584            -350.9854784813073            2546.49892674665              0.035814586273380945          0.0022071683161115074         
70750.0                       254.06338260318572            -349.56144083743953           1.609170849444605             -351.1706116868841            2546.49892674665              0.03472440738550417           0.00325633877425559           
71000.0                       203.42825410602302            -349.33949683894417           1.2884612221828986            -350.62795806112706           2546.49892674665              0.028936399228717262          0.005233962963303438          
71250.0                       350.0752688499794             -348.5052963843936            2.2172849624092437            -350.7225813468028            2546.49892674665              0.03594502595697782           0.004887527447849592          
71500.0                       338.0757692845136             -349.2463953538179            2.1412832784561124            -351.387678632274             2546.49892674665              0.029094470354344423          0.0053148648965123625         
71750.0                       314.3916921643828             -349.1307350830431            1.991274543993035             -351.1220096270361            2546.49892674665              0.031820383074796815          0.0031110708940838513         
72000.0                       289.98991129622675            -349.0155195921               1.8367200621734288            -350.85223965427343           2546.49892674665              0.031901700191263004          0.003192060659294876          
72250.0                       305.6874513515975             -348.97215501883846           1.9361441649554678            -350.90829918379393           2546.49892674665              0.03554732142823339           0.003386178222933725          
72500.0                       371.0059230417611             -348.7426094628376            2.349854237997556             -351.09246370083514           2546.49892674665              0.03248956693853389           0.003007435953307342          
72750.0                       228.2471309972746             -349.450874433578             1.44565748084932              -350.8965319144273            2546.49892674665              0.029910652653337057          0.005101725359736809          
73000.0                       260.4137707320794             -349.52808492178167           1.6493925427676266            -351.17747746454927           2546.49892674665              0.03754072624668866           0.0035057335681812456         
73250.0                       272.43452891673286            -349.27336899347785           1.7255288732406369            -350.9988978667185            2546.49892674665              0.030056471502380538          0.004302204584007635          
73500.0                       348.5881264411063             -348.8520252566807            2.2078657923233713            -351.0598910490041            2546.49892674665              0.030669112626800634          0.004026197482161871          
73750.0                       325.2941274623044             -349.25287043977517           2.060327710528146             -351.3131981503033            2546.49892674665              0.0356441575366823            0.002759446439884345          
74000.0                       351.46836941731885            -348.84856092958677           2.226108496128814             -351.07466942571557           2546.49892674665              0.030246970772154033          0.0038678999008662346         
74250.0                       282.93553834305               -349.3458400178467            1.7920395135597298            -351.13787953140644           2546.49892674665              0.038395269698976             0.0029092748786365592         
74500.0                       241.51855753287893            -349.3554512110075            1.5297152167293284            -350.8851664277368            2546.49892674665              0.03151350108539751           0.0021180005082271974         
74750.0                       357.07858747630894            -348.674552242633             2.2616421463032466            -350.93619438893626           2546.49892674665              0.03606227794967914           0.002546383758542804          
75000.0                       268.7168236955639             -349.16559314930987           1.7019819031600376            -350.86757505246993           2546.49892674665              0.03206964437941697           0.004092532051668315          
75250.0                       281.0564496822473             -349.4225310545195            1.7801378586832837            -351.2026689132028            2546.49892674665              0.03136776698346678           0.001874238294012237          
75500.0                       278.6447928249661             -349.15365105005054           1.7648630564908663            -350.9185141065414            2546.49892674665              0.03107613277267584           0.003357279981387056          
75750.0                       278.2908223669431             -349.11867776235806           1.762621100421562             -350.8812988627796            2546.49892674665              0.025989345612818182          0.0025770352377415154         
76000.0                       340.27951316146886            -349.0659065865378            2.1552412143463746            -351.2211478008841            2546.49892674665              0.038738895932100455          0.0016654727841404736         
76250.0                       300.6604771526902             -349.1308646961563            1.9043046284630085            -351.03516932461935           2546.49892674665              0.032779946602602666          0.002832093848888487          
76500.0                       254.08018096033535            -349.5676677155136            1.6092772458342257            -351.17694496134783           2546.49892674665              0.02592305813289851           0.0039003903782163208         
76750.0                       298.3630237366614             -349.31847019655066           1.8897531609230966            -351.20822335747374           2546.49892674665              0.03794644745564366           0.0017534274906970476         
77000.0                       292.1392015117711             -348.8906126162623            1.850333102850181             -350.74094571911246           2546.49892674665              0.03506275762477054           0.0018150223403995231         
77250.0                       243.4635372693257             -349.3657706832981            1.5420342084021228            -350.9078048917002            2546.49892674665              0.03368456017030498           0.003693798475152188          
77500.0                       264.53953706989273            -349.172699490248             1.6755240649665513            -350.8482235552146            2546.49892674665              0.03050656168634785           0.003200300901629189          
77750.0                       326.00859050751103            -349.0958226536055            2.064852932122742             -351.16067558572826           2546.49892674665              0.02934676205114512           0.0036701919415651            
78000.0                       270.5999465515332             -349.24416877158455           1.7139091095708943            -350.9580778811555            2546.49892674665              0.026571236922588927          0.003953870851618821          
78250.0                       265.41839048992665            -349.0812691296698            1.6810904920917937            -350.7623596217616            2546.49892674665              0.03338959902704306           0.005538388781859727          
78500.0                       365.518195665328              -348.628581602169             2.31509641168912              -350.9436780138581            2546.49892674665              0.028641789967085503          0.0036547025092232796         
78750.0                       356.04098972410316            -348.7006630254059            2.2550702742011315            -350.95573329960706           2546.49892674665              0.04072188324419414           0.0021678379802025777         
79000.0                       217.4899290619234             -349.36641275456816           1.377524184352231             -350.7439369389204            2546.49892674665              0.030854680893257363          0.004654821788321226          
79250.0                       219.81239782955063            -349.49717410977024           1.3922340925700885            -350.88940820234035           2546.49892674665              0.03250329568143795           0.0024243748297733043         
79500.0                       282.57068705655               -349.2361270030912            1.7897286411758289            -351.02585564426704           2546.49892674665              0.030193908788349797          0.002716953001021962          
79750.0                       250.01542814992743            -349.14865619695064           1.5835321673200091            -350.73218836427066           2546.49892674665              0.035834837827562076          0.002997140375395862          
80000.0                       264.3035119627675             -349.3729062772051            1.6740291438243096            -351.04693542102945           2546.49892674665              0.032015802763555604          0.004726545250018051          
80250.0                       252.7807721881644             -349.4520341414633            1.6010471313790626            -351.05308127284235           2546.49892674665              0.027576186695018202          0.005283031276664878          
80500.0                       305.7436950371193             -349.11102424855903           1.936500397712348             -351.04752464627137           2546.49892674665              0.038930713704088175          0.0040281343390728775         
80750.0                       237.78344625231693            -349.5632931457004            1.5060580012324396            -351.06935114693283           2546.49892674665              0.029842317769008246          0.00318649150589437           
81000.0                       281.91611543960823            -349.21716227644197           1.7855827561842017            -351.0027450326262            2546.49892674665              0.0360663569007944            0.0030904720186188546         
81250.0                       306.7577508854663             -348.5375221763555            1.9429231615681588            -350.48044533792364           2546.49892674665              0.03792774390889109           0.0026086340041415056         
81500.0                       276.36081603515703            -349.32253832157784           1.75039694636783              -351.0729352679457            2546.49892674665              0.033157813111371386          0.0032857315304212625         
81750.0                       287.8911311790919             -348.9950328570407            1.823426939216146             -350.81845979625683           2546.49892674665              0.03431477980397612           0.0034996063354935107         
82000.0                       320.9923652825314             -349.3392782244811            2.033081476812736             -351.3723597012939            2546.49892674665              0.033556956429619915          0.004068073098335426          
82250.0                       306.86424854934023            -348.8405595968565            1.9435976898472207            -350.7841572867037            2546.49892674665              0.03175151688712395           0.002778480638902528          
82500.0                       291.1881962363941             -349.0124651196663            1.8443096847915668            -350.8567748044578            2546.49892674665              0.035273318988311396          0.0032145480000655585         
82750.0                       301.1930906220054             -349.404073286625             1.907678062525257             -351.31175134915026           2546.49892674665              0.03208667394067513           0.0019255196302947978         
83000.0                       208.5009747482695             -349.61412498407026           1.3205905046526527            -350.93471548872293           2546.49892674665              0.031173255653535025          0.003085302887593766          
83250.0                       316.2751010933078             -348.9654884201857            2.0032035623149844            -350.9686919825007            2546.49892674665              0.03562847241535563           0.002247893195676828          
83500.0                       317.95620469710747            -348.77958375431257           2.01385123175248              -350.79343498606505           2546.49892674665              0.032256301243160646          0.001510908457041815          
83750.0                       282.449524759308              -348.68708429837534           1.7889612309541123            -350.47604552932944           2546.49892674665              0.03970957972424397           0.0028132279434359905         
84000.0                       380.0208427226742             -348.1006325411372            2.4069523755251794            -350.5075849166624            2546.49892674665              0.03362872845785334           0.005671039319332739          
84250.0                       331.46588808816995            -348.7015182623476            2.099418024083502             -350.80093628643107           2546.49892674665              0.03657145797699848           0.0058002216510338635         
84500.0                       324.58639549459394            -348.98873655288133           2.0558451218135083            -351.0445816746948            2546.49892674665              0.02893864675197303           0.005163043913957498          
84750.0                       266.4033944984441             -349.5141230865062            1.687329249211579             -351.20145233571776           2546.49892674665              0.03514673393919845           0.005697614124264086          
85000.0                       303.39854949239043            -349.11142257591285           1.9216468607342285            -351.0330694366471            2546.49892674665              0.032083837954666135          0.003906524041703748          
85250.0                       333.98502987174396            -348.79193508003493           2.1153736076162795            -350.9073086876512            2546.49892674665              0.02789226681348291           0.005833560374134923          
85500.0                       323.96828088641445            -348.9371814065711            2.0519301459562755            -350.98911155252733           2546.49892674665              0.04192718219721885           0.004851165479157764          
85750.0                       389.27854311824296            -348.55033004259815           2.465588222441807             -351.01591826503994           2546.49892674665              0.02906156824043718           0.004315639276385745          
86000.0                       335.4089661664435             -348.6007735363495            2.124392446747755             -350.72516598309727           2546.49892674665              0.036265441633467156          0.004599350696033516          
86250.0                       363.27469483562               -348.4142483583224            2.30088666568448              -350.7151350240069            2546.49892674665              0.02682573257450353           0.004562733953919898          
86500.0                       298.21242606832936            -349.0218818204387            1.8887993147789133            -350.9106811352176            2546.49892674665              0.03397056233014622           0.0027209786127190294         
86750.0                       285.8079562827294             -349.0408916659596            1.8102326556355128            -350.8511243215951            2546.49892674665              0.025123243039475485          0.0039050725216314397         
87000.0                       243.6531910748764             -349.5437655411272            1.543235425878846             -351.087000967006             2546.49892674665              0.027986779807035088          0.004607086507368753          
87250.0                       261.31282874315633            -349.4043980520963            1.6550869404748487            -351.0594849925712            2546.49892674665              0.030920511236759773          0.0035667607702478225         
87500.0                       344.4385208546992             -349.09062430451934           2.181583278574556             -351.2722075830939            2546.49892674665              0.03530602910735635           0.0030198817994071168         
87750.0                       337.9505952826743             -348.8216493706839            2.1404904591493543            -350.96213982983323           2546.49892674665              0.032988329140337884          0.004667028553924965          
88000.0                       275.117572955989              -349.48127936560854           1.742522570685382             -351.2238019362939            2546.49892674665              0.03664666021362897           0.0035845974292799065         
88250.0                       337.8569940145253             -349.0483504264586            2.1398976132593517            -351.18824803971796           2546.49892674665              0.026715743420710238          0.00415795847665485           
88500.0                       304.8672212733517             -349.05390085847074           1.930949042705945             -350.9848499011767            2546.49892674665              0.03206947863098983           0.003938888745373415          
88750.0                       272.201699231397              -349.33551705701865           1.7240541910621627            -351.05957124808083           2546.49892674665              0.03797732440837964           0.0035005171671883954         
89000.0                       282.81644445910405            -349.5061274783015            1.791285204125488             -351.29741268242697           2546.49892674665              0.02790709889246887           0.006465820849790822          
89250.0                       283.8745034680679             -349.3360555172188            1.797986672462923             -351.13404218968174           2546.49892674665              0.035589304673495956          0.005126241924519423          
89500.0                       289.8774320417349             -349.21226236278284           1.8360076480677792            -351.0482700108506            2546.49892674665              0.03316944137437706           0.004289715887761418          
89750.0                       305.3291265744306             -348.9909063979909            1.9338746297704181            -350.9247810277613            2546.49892674665              0.03897095351695258           0.004536240409591928          
90000.0                       346.98328710743374            -349.08910903906695           2.1977011607762056            -351.28681019984316           2546.49892674665              0.03049980581424479           0.0030243986315422002         
90250.0                       292.76703773110734            -349.31715032285786           1.8543096528434533            -351.1714599757013            2546.49892674665              0.03615841942958389           0.004203738206251443          
90500.0                       386.9400222669345             -348.9733778339016            2.450776644534803             -351.42415447843644           2546.49892674665              0.03363383171595817           0.0038709121973498606         
90750.0                       354.18351087191354            -348.6058036844919            2.2433054901863025            -350.8491091746782            2546.49892674665              0.02554651789311175           0.004766870197453158          
91000.0                       328.5125324318377             -348.6156797127387            2.0807122437324823            -350.6963919564712            2546.49892674665              0.031401099083647716          0.0027979898941258457         
91250.0                       299.47533653767215            -349.3812978784233            1.8967982585538963            -351.2780961369772            2546.49892674665              0.029967332720380654          0.0022638548734997136         
91500.0                       262.7284291514999             -349.4314862615113            1.6640529822878325            -351.0955392437991            2546.49892674665              0.03872209995677519           0.0030818220617273065         
91750.0                       314.17322179903175            -349.3085380885739            1.9898908099823003            -351.2984288985562            2546.49892674665              0.027204039966306992          0.004750624230334688          
92000.0                       297.699559687463              -349.0273468091835            1.8855509535971713            -350.91289776278063           2546.49892674665              0.02932718530834663           0.006159539976677422          
92250.0                       235.71365800930994            -349.5029049776346            1.4929485052041511            -350.99585348283875           2546.49892674665              0.03029343931348066           0.00668452123501883           
92500.0                       278.1571281664034             -349.0799701859603            1.76177431641025              -350.84174450237055           2546.49892674665              0.03421048033512106           0.005180330576733868          
92750.0                       301.68303652804605            -348.7337659957975            1.9107812514292508            -350.64454724722674           2546.49892674665              0.03192520435860597           0.004147402366265382          
93000.0                       266.2181724797177             -348.87371204433424           1.6861561015105768            -350.5598681458448            2546.49892674665              0.02853197531475272           0.002299904687613746          
93250.0                       265.25575786821815            -348.7311754758485            1.6800604197085145            -350.411235895557             2546.49892674665              0.034914230144564885          0.004535788099638543          
93500.0                       354.6897871121177             -348.84539191840804           2.2465121111450395            -351.09190402955306           2546.49892674665              0.04004853397580916           0.0025276859191831658         
93750.0                       276.53278010827523            -348.969717545653             1.7514861217176116            -350.7212036673706            2546.49892674665              0.034666993786243584          0.003445442838775417          
94000.0                       341.05025908472095            -348.6868585616288            2.1601229169330187            -350.8469814785618            2546.49892674665              0.04066292805368629           0.0013934438324048621         
94250.0                       370.2503296102021             -348.45873154574224           2.34506850732028              -350.8038000530625            2546.49892674665              0.033504028701327494          0.0038199746359896427         
94500.0                       258.78263179827906            -349.6680204559925            1.639061336449063             -351.3070817924416            2546.49892674665              0.03599266215785611           0.004457728984822555          
94750.0                       283.56099276002976            -349.10646356444613           1.7960009778413897            -350.90246454228753           2546.49892674665              0.04005545125045767           0.005963138121834369          
95000.0                       325.7892959720183             -348.91374365744485           2.063463978034428             -350.97720763547926           2546.49892674665              0.03142937865503678           0.006429376385821602          
95250.0                       367.4473931619643             -348.7713432877956            2.327315442793092             -351.0986587305887            2546.49892674665              0.029946716753987794          0.0025977904798270774         
95500.0                       313.8701191502564             -349.2247697473835            1.987971037279122             -351.2127407846626            2546.49892674665              0.028322962287955496          0.003058527035118318          
95750.0                       302.77331402076               -348.3547818799021            1.917686783195003             -350.2724686630971            2546.49892674665              0.04060230608680389           0.003526496859175124          
96000.0                       264.1872584954758             -349.36409681319014           1.6732928248443926            -351.03738963803454           2546.49892674665              0.034438640023608504          0.003504573609590316          
96250.0                       271.3948780330793             -348.99994153848047           1.7189439971422673            -350.71888553562275           2546.49892674665              0.029989157205495838          0.004376528355666991          
96500.0                       296.2127995921643             -349.21099640886234           1.8761342049852356            -351.0871306138476            2546.49892674665              0.037922168648531644          0.0032215185299575098         
96750.0                       258.9308736854268             -349.4175190058644            1.6400002616929157            -351.0575192675573            2546.49892674665              0.02684684247508013           0.0030580519294668997         
97000.0                       343.3533134194616             -348.83003378023363           2.1747098592234786            -351.0047436394571            2546.49892674665              0.03597650865123267           0.0031466342868550676         
97250.0                       301.7496090415632             -348.8977109856953            1.9112029042744125            -350.80891388996974           2546.49892674665              0.03416853507950965           0.0033486320005467057         
97500.0                       342.5251082248496             -348.75078482235847           2.1694642246779847            -350.92024904703646           2546.49892674665              0.036394804705180424          0.0028861108700666276         
97750.0                       321.0993413541709             -349.23522509372947           2.0337590352011454            -351.26898412893064           2546.49892674665              0.03529193780843485           0.0027345745419578953         
98000.0                       325.7077975827472             -349.1522299097896            2.062947788605838             -351.2151776983954            2546.49892674665              0.03081609711226893           0.00445581550837273           
98250.0                       310.4120926832941             -349.2869019403924            1.966068804339341             -351.2529707447317            2546.49892674665              0.032553495116707194          0.004400142771446461          
98500.0                       278.09715873250315            -349.3989833395506            1.7613944857400399            -351.16037782529065           2546.49892674665              0.03469036128460162           0.004879034553799441          
98750.0                       293.7961341611435             -348.8829860482285            1.8608276798000107            -350.7438137280285            2546.49892674665              0.03695966612175793           0.005452662739311528          
99000.0                       346.77526855403585            -348.65560942242905           2.1963836258018943            -350.85199304823095           2546.49892674665              0.03558137243501377           0.004789394295476379          
99250.0                       328.82132794237236            -348.806629993701             2.0826680735293635            -350.88929806723036           2546.49892674665              0.03304839335210906           0.004402069115375792          
99500.0                       265.0520540542882             -349.3601067590671            1.6787702131626592            -351.03887697222973           2546.49892674665              0.03429356152540733           0.004496323655205178          
99750.0                       292.3183513370646             -349.0135907347656            1.8514677908701216            -350.86505852563573           2546.49892674665              0.03072918713439946           0.004585575283126325          
100000.0                      373.5181854033364             -348.4374062330449            2.365766249075193             -350.8031724821201            2546.49892674665              0.028700386641614686          0.004688295116193351          
