CMo16S32_1b141e
time                          T                             E_tot                         E_kin                         E_pot                         V                             MSD                           P_internal                    
0                             300.0000000000001             -344.5488650306413            1.900121339356396             -346.4489863699977            2546.49892674665              0.0                           0.017471269418179298          
250.0                         431.403501733682              -346.35680361877036           2.7323966650574762            -349.08920028382784           2546.49892674665              0.029855874719339353          0.006340010986728446          
500.0                         384.27245997850497            -347.74540708142456           2.4338810044404457            -350.179288085865             2546.49892674665              0.03946124404718992           0.004328008172321378          
750.0                         314.1138268353127             -348.30907732542664           1.9895146178555905            -350.29859194328225           2546.49892674665              0.03224949474203336           0.0041406153532359165         
1000.0                        349.5242301349107             -348.86085323520365           2.2137948276715314            -351.07464806287516           2546.49892674665              0.035161375337739505          0.002386703191434578          
1250.0                        361.9485159567798             -348.7840900965889            2.2924869963928534            -351.0765770929818            2546.49892674665              0.03212365592820541           0.004063181658756367          
1500.0                        271.9603198646899             -348.9067176765859            1.7225253574436274            -350.6292430340295            2546.49892674665              0.035519486058670884          0.005279524577270389          
1750.0                        303.4365440838819             -349.0129881114554            1.921887508514472             -350.9348756199699            2546.49892674665              0.02527878812553328           0.005136990057166453          
2000.0                        328.98665135948823            -349.2364595777492            2.083715188705221             -351.32017476645444           2546.49892674665              0.02684516977067109           0.0040620727442753435         
2250.0                        339.268544780359              -348.68804758415206           2.148838005698503             -350.83688558985057           2546.49892674665              0.030964043301014044          0.005024234074508791          
2500.0                        338.5514074731068             -348.89906597552203           2.144295846029308             -351.04336182155134           2546.49892674665              0.028713584097177478          0.00540343874193706           
2750.0                        297.32115244246023            -349.01888022125036           1.883154221326515             -350.90203444257685           2546.49892674665              0.03157247285970612           0.005908840658793403          
3000.0                        267.1391236034272             -349.5445427798882            1.6919891644527925            -351.23653194434104           2546.49892674665              0.027712970750244686          0.0037352188612875883         
3250.0                        253.500925873246              -349.60669626782186           1.6056083959945282            -351.2123046638164            2546.49892674665              0.03212540260629411           0.003922932297963735          
3500.0                        263.48197978534273            -349.09363793583447           1.6688257744200004            -350.76246371025445           2546.49892674665              0.036792223648327065          0.002700464756889043          
3750.0                        318.46763016576807            -349.3066532432503            2.017090466574121             -351.32374370982444           2546.49892674665              0.032481055571598146          0.0038905525879256446         
4000.0                        250.34147626654791            -348.8759292241744            1.5855972706001675            -350.46152649477455           2546.49892674665              0.03329951536836576           0.004596440583396538          
4250.0                        324.71247131306654            -349.03830325547165           2.056643652990364             -351.094946908462             2546.49892674665              0.031186750404304502          0.0028324476804928206         
4500.0                        273.1593140315371             -349.41828776354293           1.730119472117595             -351.14840723566056           2546.49892674665              0.03228241578998368           0.0035515503076908633         
4750.0                        303.5891041584988             -349.1932928281628            1.9228537840255167            -351.1161466121883            2546.49892674665              0.031129269219928816          0.004960226398365404          
5000.0                        318.71092739112316            -348.9297615095213            2.018631447406466             -350.94839295692776           2546.49892674665              0.04238526882441061           0.004994445686686632          
5250.0                        363.7008530455695             -348.54244505290103           2.3035858400467033            -350.84603089294774           2546.49892674665              0.029459499928460857          0.005959500384379478          
5500.0                        325.9269411988022             -348.91837571228575           2.0643357868100036            -350.9827114990957            2546.49892674665              0.035709585522647455          0.006305370483676531          
5750.0                        286.9848363371243             -348.9578046510841            1.8176867053195753            -350.7754913564037            2546.49892674665              0.0373408906336783            0.007910419040718398          
6000.0                        245.62404493094567            -349.35048768370024           1.5557182974410797            -350.90620598114134           2546.49892674665              0.03374350867251775           0.0035420796795428053         
6250.0                        290.4703485808718             -349.0308808495452            1.8397630259626838            -350.8706438755079            2546.49892674665              0.03931322789432156           0.005979825479380889          
6500.0                        330.8234185968368             -348.8911667667748            2.0953487907822765            -350.9865155575571            2546.49892674665              0.03264180727594801           0.005616667040353186          
6750.0                        325.47156295858036            -348.89351077091334           2.06145154043759              -350.9549623113509            2546.49892674665              0.036006303175720275          0.005191714141329497          
7000.0                        317.5119788542858             -349.2153088038546            2.011037621741017             -351.22634642559564           2546.49892674665              0.03357370368191361           0.004977962430592942          
7250.0                        275.3483597484596             -349.0705911491216            1.7439843137160989            -350.8145754628377            2546.49892674665              0.03410895686277067           0.002668745557986601          
7500.0                        349.2787752787314             -348.9056315146611            2.212240180971282             -351.11787169563235           2546.49892674665              0.032587375862384804          0.002985954836070949          
7750.0                        322.8361327482992             -348.6434679019013            2.0447594165011242            -350.6882273184024            2546.49892674665              0.029102847329392657          0.002461865770848591          
8000.0                        296.248767324573              -349.1291491521501            1.8763620151714961            -351.0055111673216            2546.49892674665              0.029194684443992723          0.0036810076756779663         
8250.0                        304.7850461523349             -349.05452445805975           1.930428567035918             -350.98495302509565           2546.49892674665              0.028490829964119106          0.00402426323868097           
8500.0                        289.62240337248534            -349.0961619061233            1.8343923633458168            -350.93055426946916           2546.49892674665              0.02749662397119447           0.0031429309059234738         
8750.0                        302.7702287183983             -349.11711554868936           1.917667241698817             -351.0347827903882            2546.49892674665              0.03479363362132004           0.0026687894224262294         
9000.0                        264.0296913252298             -349.57676044765566           1.6722948357025045            -351.2490552833582            2546.49892674665              0.02887081270585075           0.0029536211695980735         
9250.0                        267.7109111171869             -349.3781103610126            1.695610716641034             -351.07372107765366           2546.49892674665              0.03142304369444168           0.004414840949725157          
9500.0                        276.12473200551227            -349.3006891754141            1.7489016520257992            -351.0495908274399            2546.49892674665              0.029661876554262043          0.005403624671137847          
9750.0                        328.6301031868426             -349.1101181313311            2.081456906067379             -351.1915750373985            2546.49892674665              0.02831868484044709           0.005507706811628442          
10000.0                       313.5382469611525             -349.0755852948704            1.9858690458509376            -351.06145434072135           2546.49892674665              0.03342283594360459           0.003557842950002103          
10250.0                       314.5514206949261             -348.799872986528             1.992286222624333             -350.7921592091523            2546.49892674665              0.03630279078906393           0.003803731159351432          
10500.0                       296.0038664613122             -349.16720647513586           1.874810877317134             -351.042017352453             2546.49892674665              0.029603516494297773          0.0037580431839398906         
10750.0                       330.600646269076              -348.5088922634983            2.093937809269622             -350.6028300727679            2546.49892674665              0.03181768094578163           0.003173605204770899          
11000.0                       324.1140025604361             -348.83816460384213           2.0528531088309934            -350.89101771267315           2546.49892674665              0.030741077288862443          0.002564773352299517          
11250.0                       323.15854190230067            -348.8675445984696            2.046801471546198             -350.91434607001577           2546.49892674665              0.039238310449613845          0.004751010343612837          
11500.0                       313.234075980355              -349.20657363593136           1.98394250661285              -351.1905161425442            2546.49892674665              0.028516127791270704          0.005136980626274319          
11750.0                       285.85061997794014            -348.68609818562834           1.8105028762944653            -350.49660106192283           2546.49892674665              0.03283579649946797           0.0032447907343218616         
12000.0                       362.6860421140761             -348.2651383048543            2.2971582936922275            -350.56229659854654           2546.49892674665              0.03236221303774149           0.004545944898772639          
12250.0                       332.77962242789266            -348.7067164040424            2.107738872927343             -350.8144552769698            2546.49892674665              0.03454240762012413           0.006123155866097089          
12500.0                       298.2085964409704             -348.6494510218467            1.8887750589233583            -350.5382260807701            2546.49892674665              0.03170497163266507           0.005924048827066672          
12750.0                       322.7880361658912             -348.79066328626965           2.044454785359179             -350.8351180716288            2546.49892674665              0.030830031344951315          0.00392439448084013           
13000.0                       326.6955179776783             -348.92849621888774           2.069203750604925             -350.99769996949266           2546.49892674665              0.03668396012241857           0.004232077532127587          
13250.0                       317.12268129706484            -348.7262601391746            2.008571913088234             -350.73483205226285           2546.49892674665              0.038172171784878674          0.005966993120533598          
13500.0                       279.5678029709765             -349.32560642551              1.7707091607404557            -351.09631558625045           2546.49892674665              0.03200797616096903           0.006393443022252562          
13750.0                       291.4590839098319             -348.99923431807946           1.8460254162877927            -350.84525973436723           2546.49892674665              0.03546308716072018           0.007757858729885252          
14000.0                       286.2873846612237             -348.9604227284998            1.8132692292777466            -350.77369195777754           2546.49892674665              0.0356711569290589            0.004910132379143482          
14250.0                       302.24410126798443            -349.0478708323674            1.9143348883796418            -350.962205720747             2546.49892674665              0.032415688140862785          0.003344546702393855          
14500.0                       301.0974692015694             -349.1277658278828            1.907072421520357             -351.03483824940315           2546.49892674665              0.03046888186608447           0.004975318012517602          
14750.0                       288.1029896450077             -349.15996472502104           1.8247687951895124            -350.98473352021057           2546.49892674665              0.029121555731548326          0.005125605641547641          
15000.0                       275.50294898553403            -349.47143538865083           1.7449634414100987            -351.21639883006094           2546.49892674665              0.029598223795486815          0.005099975744198063          
15250.0                       264.60070934751184            -349.6884439683548            1.6759115141334882            -351.3643554824883            2546.49892674665              0.02838137310031105           0.005151779733420813          
15500.0                       250.6139830869393             -349.3364268390719            1.5873232573486538            -350.9237500964206            2546.49892674665              0.030362149961949428          0.00437859730988278           
15750.0                       266.0096160741201             -349.52130335187644           1.6848351599214586            -351.2061385117979            2546.49892674665              0.029938163063548188          0.004058646337016601          
16000.0                       268.8961095724841             -349.48890111015123           1.7031174528953084            -351.19201856304653           2546.49892674665              0.03265000164709171           0.0030386438091714197         
16250.0                       292.7411361610871             -349.60403187786284           1.8541455990903926            -351.4581774769532            2546.49892674665              0.028410674018012515          0.0035629020803858084         
16500.0                       272.6769652292876             -349.6209317016667            1.727064401277037             -351.34799610294374           2546.49892674665              0.029387222259820912          0.0024004929487142727         
16750.0                       280.46043597188884            -349.29324605320204           1.7763628641179465            -351.06960891732              2546.49892674665              0.02915113668327397           0.00030499090461985823        
17000.0                       308.1247268628749             -348.977525222166             1.9515812289850312            -350.92910645115103           2546.49892674665              0.03983269293955292           0.001964106256097457          
17250.0                       322.2443214677386             -349.06247910367597           2.041011039024241             -351.1034901427002            2546.49892674665              0.03154384332967768           0.005722738237619867          
17500.0                       273.14770322169545            -349.2878129785631            1.7300459322924373            -351.0178589108556            2546.49892674665              0.03690999514992363           0.004528860457428704          
17750.0                       299.1365182032438             -349.0022985780233            1.8946522720625212            -350.8969508500858            2546.49892674665              0.032246638298345814          0.0038272686879358853         
18000.0                       214.64598835360084            -349.31460457590254           1.359511409593071             -350.67411598549563           2546.49892674665              0.03193570278497427           0.008606608158006604          
18250.0                       371.9266893158231             -348.9117115810319            2.3556861301505725            -351.26739771118247           2546.49892674665              0.035099743107136976          0.006835991678728771          
18500.0                       295.6158205204235             -349.1458539890727            1.8723530960740227            -351.01820708514674           2546.49892674665              0.029316756705140782          0.006948926229336821          
18750.0                       335.12514504429856            -348.7272464914933            2.122594798178596             -350.8498412896719            2546.49892674665              0.03174356137793705           0.0035196575169126492         
19000.0                       310.2286140134508             -348.8942144941321            1.9649066985530546            -350.85912119268517           2546.49892674665              0.03228382023642317           0.002987388853117809          
19250.0                       299.83182980498543            -348.8448736958883            1.899056193435759             -350.743929889324             2546.49892674665              0.039640184362640773          0.0019258907499487207         
19500.0                       306.0941777388984             -348.8067349855541            1.9387202632481007            -350.7454552488022            2546.49892674665              0.028827211362117546          0.0035956888667316492         
19750.0                       307.7160133724954             -348.959032269656             1.9489925449025214            -350.90802481455853           2546.49892674665              0.03438660460253782           0.004688631232169511          
20000.0                       281.42811649559394            -349.2651115923363            1.7824918988271854            -351.0476034911635            2546.49892674665              0.033415252633036144          0.003205962160413359          
20250.0                       311.6996640863004             -349.0688270013912            1.9742239440019986            -351.0430509453932            2546.49892674665              0.029368633669652786          0.005768858987121875          
20500.0                       286.1974787448405             -349.0755603255044            1.8126997887768996            -350.8882601142813            2546.49892674665              0.03872814044591484           0.00694668516770943           
20750.0                       342.7034280859068             -348.99560612214043           2.170593655922071             -351.1661997780625            2546.49892674665              0.029157333495802917          0.0034854093803838256         
21000.0                       315.2053362851815             -348.94075797275843           1.99642795251494              -350.93718592527335           2546.49892674665              0.03358983217745579           0.0013267258440010823         
21250.0                       271.8664607685263             -348.747970819792             1.7219308785385836            -350.46990169833055           2546.49892674665              0.02912226799215893           0.0030775322824928785         
21500.0                       367.1907633855889             -348.7726215457152            2.3256900170784083            -351.0983115627936            2546.49892674665              0.029097957639927636          0.00481217943032236           
21750.0                       325.34609758820466            -348.746439778187             2.06065687567892              -350.8070966538659            2546.49892674665              0.02700830478421456           0.0054477855220722545         
22000.0                       319.8952618727878             -349.0206629220372            2.026132711478288             -351.0467956335155            2546.49892674665              0.028228230898121116          0.00552472353869541           
22250.0                       282.84970978509983            -348.7886885990114            1.7914958979781055            -350.5801844969895            2546.49892674665              0.03332109976370578           0.004198507671925813          
22500.0                       386.2997591302503             -348.07452471654955           2.446721385705414             -350.52124610225496           2546.49892674665              0.03620315734296482           0.0025571419680222893         
22750.0                       333.8552304064097             -348.68630414566223           2.1145514918365507            -350.8008556374988            2546.49892674665              0.02986987401301324           0.0010321611764993095         
23000.0                       353.56091327494846            -348.72504684030923           2.2393621202535514            -350.96440896056276           2546.49892674665              0.036492589396433385          0.0019457242657147003         
23250.0                       332.0451249615803             -348.7676020081916            2.103086758562532             -350.87068876675414           2546.49892674665              0.03397223043869151           0.0037488925442339684         
23500.0                       340.6592137404943             -349.0809612613453            2.157646138255615             -351.23860739960094           2546.49892674665              0.034627514193032664          0.0035767704937288707         
23750.0                       345.0569476129633             -348.6716897213632            2.185500231508578             -350.85718995287175           2546.49892674665              0.030749901461384455          0.006408726488516665          
24000.0                       227.21331360312348            -349.5545816211104            1.4391095525439055            -350.9936911736543            2546.49892674665              0.03555181346758141           0.0063701679313812294         
24250.0                       295.6604815048449             -349.40738078519365           1.872635967039142             -351.28001675223277           2546.49892674665              0.03217158824194351           0.004591431224243328          
24500.0                       262.9441937527909             -349.9699499748101            1.6654195786984687            -351.63536955350855           2546.49892674665              0.03247963671006577           0.0038885401770013643         
24750.0                       272.0763269445008             -349.7809195200245            1.7232601158698446            -351.50417963589433           2546.49892674665              0.030483409230644902          0.002470692804107101          
25000.0                       261.51403422242737            -349.06671979254276           1.6563613232240428            -350.7230811157668            2546.49892674665              0.028374618827624872          0.005052156305077995          
25250.0                       371.46797800040963            -348.78482342197395           2.3527807729538344            -351.1376041949278            2546.49892674665              0.028150462469941597          0.004983899479060679          
25500.0                       223.2060900219636             -349.50929159884447           1.4137288490834587            -350.9230204479279            2546.49892674665              0.029706758437837683          0.0034619887502109876         
25750.0                       253.06735991385028            -349.68182988507147           1.6028623028896405            -351.2846921879611            2546.49892674665              0.03460107437781592           0.0025141595551995415         
26000.0                       222.18343946059866            -349.3566105324542            1.4072516485689444            -350.76386218102317           2546.49892674665              0.03625144448146029           0.0035203131133152675         
26250.0                       278.6932926535255             -349.3904601182427            1.7651702416882022            -351.1556303599309            2546.49892674665              0.027423560006435213          0.003058636733893417          
26500.0                       273.05843425498443            -349.49001717100333           1.729480526063804             -351.21949769706714           2546.49892674665              0.03418842409573822           0.0020743406845849404         
26750.0                       286.39278293691126            -349.2469187319389            1.8139367943202973            -351.06085552625916           2546.49892674665              0.034420742409479635          0.0035577301724681863         
27000.0                       286.964308667127              -349.24101519175895           1.8175566884402115            -351.05857188019917           2546.49892674665              0.03088062696383786           0.003015367367833067          
27250.0                       288.4929421869946             -349.27436394515036           1.8272386523440642            -351.10160259749443           2546.49892674665              0.027426927923408402          0.005363587859522568          
27500.0                       249.18391888904512            -349.3469150763562            1.5782656056850926            -350.9251806820413            2546.49892674665              0.030812927973340464          0.004355701486781636          
27750.0                       281.0945833207361             -349.3365005645607            1.7803793871507498            -351.11687995171144           2546.49892674665              0.03325433147017083           0.006100049253378008          
28000.0                       285.0095494325956             -349.1652230111492            1.8051757559907544            -350.97039876713995           2546.49892674665              0.03003809149186059           0.005033834516962467          
28250.0                       339.92240178857196            -349.0574565580481            2.1529793645458137            -351.2104359225939            2546.49892674665              0.044161043628342084          0.004752169845608224          
28500.0                       353.99342842882504            -348.5282332323965            2.242101557831804             -350.7703347902283            2546.49892674665              0.03576652769993316           0.002881498562137969          
28750.0                       281.48800562265336            -348.59034677455946           1.7828712208549222            -350.3732179954144            2546.49892674665              0.04362614713754072           0.0024526589552639755         
29000.0                       333.90226387569254            -348.8560018984351            2.1148493894987115            -350.97085128793384           2546.49892674665              0.0349327721324177            0.00461717859451737           
29250.0                       359.9313822728118             -348.1599495467404            2.2797110005353796            -350.43966054727576           2546.49892674665              0.037022035602073386          0.005105884988910152          
29500.0                       308.7429925713737             -348.7440493713989            1.9554971618720673            -350.69954653327096           2546.49892674665              0.037699665953078734          0.0009615905126333386         
29750.0                       256.7703432759768             -348.94148853626575           1.6263160285751683            -350.5678045648409            2546.49892674665              0.04009150988129189           0.002130898149941706          
30000.0                       258.9895250489455             -349.2381997766925            1.64037174405093              -350.87857152074344           2546.49892674665              0.03100741842583534           0.005557142829609142          
