CMo16S32_48563d
time                          T                             E_tot                         E_kin                         E_pot                         V                             MSD                           P_internal                    
0                             300.00000000000006            -344.5488650306413            1.9001213393563956            -346.4489863699977            2546.49892674665              0.0                           0.017471269418179333          
250.0                         384.9558711163618             -347.3127540383735            2.4382095513957642            -349.75096358976924           2546.49892674665              0.008026554399201438          0.009978043074553076          
500.0                         310.77656779751095            -347.90854667366574           1.9683772941466338            -349.8769239678124            2546.49892674665              0.018435922614379773          0.007265230855303375          
750.0                         273.24879133315596            -348.64433534252044           1.7306861978849082            -350.3750215404053            2546.49892674665              0.027123155463633204          0.007022583725534091          
1000.0                        303.11240832078937            -348.66148334111074           1.9198345175801361            -350.58131785869085           2546.49892674665              0.025803225156018246          0.00476149936860927           
1250.0                        292.7144393609112             -348.5046154873861            1.8539765085580362            -350.35859199594415           2546.49892674665              0.027924972930394452          0.005887306888173192          
1500.0                        263.8442148014788             -348.6957017375789            1.671120076033408             -350.36682181361226           2546.49892674665              0.03067035511490367           0.005885319351688382          
1750.0                        286.8617400668375             -348.45707627314704           1.8169070458196848            -350.2739833189667            2546.49892674665              0.03660743290142761           0.004375582408621065          
2000.0                        302.67372321970544            -348.78194420028115           1.9170560011740454            -350.6990002014552            2546.49892674665              0.028633244399743386          0.005884579724361737          
2250.0                        297.4483003149297             -348.53126206661915           1.883959542612292             -350.4152216092314            2546.49892674665              0.030148904561489283          0.003166498621119028          
2500.0                        264.871439469767              -348.68710494491484           1.6776262477418336            -350.3647311926567            2546.49892674665              0.030659795400884964          0.005278567348475419          
2750.0                        289.56709879689095            -348.76354204911667           1.8340420786649803            -350.59758412778166           2546.49892674665              0.030291683402322217          0.00546899209019393           
3000.0                        326.60864278842854            -347.98851779203585           2.0686535059350777            -350.0571712979709            2546.49892674665              0.021979556792242224          0.004869177618386947          
3250.0                        296.1644981781501             -348.5637152149046            1.8758282764936043            -350.43954349139824           2546.49892674665              0.03567009262134369           0.006127636670974886          
3500.0                        329.1459974103603             -347.92812015040806           2.084724444810568             -350.0128445952186            2546.49892674665              0.03320723979439565           0.008101203492940181          
3750.0                        367.3194835334907             -348.07256995886115           2.3265052967445192            -350.3990752556057            2546.49892674665              0.03315932925888063           0.0071911381974477835         
4000.0                        335.5856975014705             -348.50578918128764           2.125511816684481             -350.6313009979721            2546.49892674665              0.027223932112895532          0.0036267251630334326         
4250.0                        307.9127971500295             -348.3611301582241            1.9502389217522937            -350.31136907997643           2546.49892674665              0.02788244743082004           0.004404242480477085          
4500.0                        252.37302743248293            -348.93606973427677           1.5984645830081259            -350.5345343172849            2546.49892674665              0.027404400453186296          0.005797880678446561          
4750.0                        264.3919576256407             -348.9484371274105            1.6745893354623058            -350.6230264628728            2546.49892674665              0.031283526795315264          0.004550016058056618          
5000.0                        318.8105157860432             -348.14858097354715           2.0192622141875987            -350.1678431877348            2546.49892674665              0.03312346073111459           0.003755396561929131          
5250.0                        316.171480878951              -348.5307909119094            2.002547259046691             -350.5333381709561            2546.49892674665              0.034593726838374216          0.004922065071891014          
5500.0                        244.5166906617416             -349.06171339626934           1.5487046058506062            -350.61041800211996           2546.49892674665              0.030906243968981742          0.0038155061660833174         
5750.0                        277.17229724168584            -349.1046674997064            1.7555366555578702            -350.8602041552643            2546.49892674665              0.030824821984689207          0.006479826110448761          
6000.0                        333.5073214038344             -348.3739349716646            2.1123479274367254            -350.4862828991013            2546.49892674665              0.035799115298821224          0.005341427732496864          
6250.0                        312.9108408889419             -348.59179128469964           1.981895220296774             -350.57368650499643           2546.49892674665              0.03165037874091186           0.005956939880738365          
6500.0                        356.32584477364685            -348.48229832223393           2.2568744713953364            -350.7391727936293            2546.49892674665              0.028354271287443382          0.003945748116665432          
6750.0                        257.63768028428865            -348.70349727225033           1.631809513768191             -350.3353067860185            2546.49892674665              0.029639406371636614          0.005138107440069013          
7000.0                        351.2362770535506             -348.36524310330964           2.224638483951822             -350.58988158726146           2546.49892674665              0.03385763846327578           0.005859548079703213          
7250.0                        253.8346968017524             -348.78886730294647           1.6077224135402342            -350.3965897164867            2546.49892674665              0.03198151038693721           0.007354293598231379          
7500.0                        330.8896825397872             -348.4655063283705            2.0957684892223765            -350.5612748175929            2546.49892674665              0.03043130054128629           0.00657201384504024           
7750.0                        313.3665676469117             -348.53456740886656           1.9847816740892208            -350.5193490829558            2546.49892674665              0.03435482878973316           0.004695552620917907          
8000.0                        298.0688437546369             -348.6986243978986            1.8878899020515758            -350.5865142999502            2546.49892674665              0.028306257780916364          0.0057792307315844            
8250.0                        311.7251807822332             -348.482066083459             1.9743855600635047            -350.45645164352254           2546.49892674665              0.03462846478007744           0.004439472319324698          
8500.0                        287.3936540756728             -348.77892030749405           1.8202760496826533            -350.5991963571767            2546.49892674665              0.031719288642503715          0.006997369095312351          
8750.0                        277.3451230707033             -349.04049989428586           1.7566312890435638            -350.79713118332944           2546.49892674665              0.029078623286474335          0.005446383678989752          
9000.0                        414.187292163803              -347.5602406521134            2.623353707768947             -350.18359435988236           2546.49892674665              0.03167003646580045           0.006959846382122453          
9250.0                        237.4308086187415             -348.66850937791025           1.503824486923717             -350.17233386483394           2546.49892674665              0.030971298058290953          0.005069849727678874          
9500.0                        285.28414087167783            -348.7468672940244            1.806914946167437             -350.5537822401918            2546.49892674665              0.028883772304657773          0.007075867394791766          
9750.0                        355.07041301084723            -348.2208989549111            2.248922895786665             -350.46982185069777           2546.49892674665              0.027211528763332375          0.007819330438515475          
10000.0                       314.6805357458276             -348.6377704954719            1.9931040035025               -350.6308744989744            2546.49892674665              0.03152146358444618           0.00611740527422899           
10250.0                       348.007544786776              -348.48380724267986           2.2041885403545987            -350.68799578303447           2546.49892674665              0.027487615046281236          0.004835239780220793          
10500.0                       305.2092491498018             -348.8223671798157            1.9331153575949371            -350.75548253741067           2546.49892674665              0.030462905458873462          0.004781832611778112          
10750.0                       279.8327670665517             -348.66060823644233           1.7723873738476748            -350.43299561029              2546.49892674665              0.02866294592308912           0.0049365874974554485         
11000.0                       269.8677025449971             -348.459064913157             1.7092712680294437            -350.1683361811865            2546.49892674665              0.033120510669257114          0.005772880529292995          
11250.0                       317.04986261852804            -348.4350852716679            2.0081106986715955            -350.4431959703395            2546.49892674665              0.03595525785007945           0.00464335820336939           
11500.0                       303.2525196470009             -348.26204431769594           1.9207219459828697            -350.1827662636788            2546.49892674665              0.03035025953200024           0.005479179413269259          
11750.0                       324.88394562828654            -348.9016050975977            2.0577297263420338            -350.95933482393974           2546.49892674665              0.030071238810278744          0.0041155897834723254         
12000.0                       270.7154817821476             -348.7434301244272            1.7146408794280206            -350.45807100385525           2546.49892674665              0.029372586373354655          0.007121665318618243          
12250.0                       311.9430330961254             -348.7153247613125            1.9757653794983538            -350.69109014081084           2546.49892674665              0.027881421407415004          0.005117954019678806          
12500.0                       311.1379730857051             -348.3993819556774            1.9706663404808136            -350.37004829615825           2546.49892674665              0.03244507750179206           0.005830145001613509          
