CMo16S32_7b12cb
time                          T                             E_tot                         E_kin                         E_pot                         V                             MSD                           P_internal                    
0                             299.99999999999994            -344.5488650306413            1.900121339356395             -346.4489863699977            2546.49892674665              0.0                           0.01747126941817931           
250.0                         317.5088281197187             -348.45066738995854           2.011017665814398             -350.46168505577293           2546.49892674665              0.005626335063492299          0.010139980719425063          
500.0                         312.5675828894748             -348.2552039174238            1.9797211141311333            -350.2349250315549            2546.49892674665              0.005774116683074796          0.008468447117135788          
750.0                         275.5715620933224             -348.57899757192274           1.745398018844326             -350.32439559076704           2546.49892674665              0.01928452145062211           0.006933892834875918          
1000.0                        321.0450867206472             -348.7856305172138            2.0334154005780873            -350.81904591779187           2546.49892674665              0.02992993979601376           0.00666643491654557           
1250.0                        294.7756291173603             -349.1746069445164            1.867031544027009             -351.0416384885434            2546.49892674665              0.03400204685885997           0.0027134586448282617         
1500.0                        250.4827366110968             -349.49428967634753           1.5864919765837748            -351.0807816529313            2546.49892674665              0.037234726003967655          0.002147952582600841          
1750.0                        309.7574397381171             -348.51976294222743           1.9619224042359966            -350.48168534646345           2546.49892674665              0.03229801027090442           0.004814289110156268          
2000.0                        289.4113093632487             -349.35163611606623           1.8330553492406139            -351.18469146530686           2546.49892674665              0.03977905372770482           0.0012919615154937606         
2250.0                        319.18598522388237            -348.7801516199264            2.02164033915798              -350.80179195908437           2546.49892674665              0.03322525426615248           0.004346275755928673          
2500.0                        244.70222005199594            -349.3899165938064            1.549879700362273             -350.9397962941687            2546.49892674665              0.031375778112557165          0.005432143244029362          
2750.0                        366.6916561354821             -348.90045591726096           2.3225288026232236            -351.22298471988415           2546.49892674665              0.035902213230557055          0.004177235813078843          
3000.0                        294.4092247616446             -349.43240066722444           1.8647108349099142            -351.2971115021343            2546.49892674665              0.03432283553734308           0.005916876716028234          
3250.0                        317.0504586449119             -348.7147504635559            2.0081144737464314            -350.72286493730235           2546.49892674665              0.031936862532819334          0.005758537346754029          
3500.0                        340.4601198446874             -348.92438899663665           2.156385129722421             -351.0807741263591            2546.49892674665              0.027129972297755735          0.0033971934783301946         
3750.0                        306.96663158690757            -348.85115717317484           1.94424615716212              -350.79540333033697           2546.49892674665              0.033676587557801556          0.005307656682793827          
4000.0                        305.8172673945906             -348.9720115214696            1.9369663857337414            -350.90897790720334           2546.49892674665              0.03091457871578479           0.002890511431173505          
4250.0                        322.530904709259              -348.82224950170644           2.0428261821332905            -350.86507568383973           2546.49892674665              0.03348694422876617           0.0016308022388801162         
4500.0                        297.5973332915225             -349.27916725009766           1.8849034784092644            -351.16407072850694           2546.49892674665              0.038458901668408846          0.0038498295128388984         
4750.0                        283.7786846934098             -348.7920164130518            1.7973797814681267            -350.5893961945199            2546.49892674665              0.032448449562490725          0.005674981114339671          
5000.0                        322.4711600553876             -348.8298123773841            2.0424477751608454            -350.8722601525449            2546.49892674665              0.03279676813406144           0.005375928705957781          
5250.0                        350.49682710445785            -348.7121834521888            2.2199550018596312            -350.9321384540484            2546.49892674665              0.032176751579748496          0.0013378659740367095         
5500.0                        338.9019534236554             -348.93020599077863           2.1465161121661827            -351.0767221029448            2546.49892674665              0.030137870492678222          0.0024734001806911514         
5750.0                        255.01443958451864            -349.4545578901497            1.6151945949951871            -351.0697524851449            2546.49892674665              0.03658170500671256           0.003307511047733273          
6000.0                        366.8409499174001             -348.65238169198403           2.323474390292742             -350.9758560822768            2546.49892674665              0.03100143838443219           0.0012111408313078065         
6250.0                        289.33550324421805            -349.10434542839533           1.8325752131592008            -350.93692064155454           2546.49892674665              0.03184327151015048           0.004472077535090441          
6500.0                        333.96392273716634            -348.6993946042026            2.115239920560201             -350.8146345247628            2546.49892674665              0.041111685297943484          0.003952644928952279          
6750.0                        410.292016851073              -348.5262086101797            2.5986820552876586            -351.1248906654674            2546.49892674665              0.030366106404164483          0.00393585977471877           
7000.0                        261.4374190799368             -348.9048004395926            1.6558760630001623            -350.56067650259274           2546.49892674665              0.03575034963724306           0.003805471692072286          
7250.0                        299.85307122724515            -348.6832572684712            1.8991907310348055            -350.58244799950603           2546.49892674665              0.029418469174249055          0.003472262481392831          
7500.0                        360.6007271218493             -348.7860989400219            2.2839504553055274            -351.0700493953274            2546.49892674665              0.03146623323057014           0.0030896754266056155         
7750.0                        359.6655247071713             -348.2831102340859            2.278027128423037             -350.56113736250893           2546.49892674665              0.03278938453831054           0.006319112959617647          
8000.0                        307.473839234699              -349.29084174737744           1.9474586774122977            -351.2383004247897            2546.49892674665              0.03445513711242814           0.004784248667604518          
8250.0                        331.70575487113126            -349.03469888503304           2.100937277393194             -351.13563616242624           2546.49892674665              0.032181938684035453          0.0038319610117001526         
8500.0                        342.72549801668424            -349.1209632891908            2.170733441076832             -351.29169673026763           2546.49892674665              0.03762471983503827           0.004112151795929059          
8750.0                        331.7618264339534             -348.86002218716766           2.101292419970025             -350.9613146071377            2546.49892674665              0.031259149600756334          0.005707143935938371          
9000.0                        335.34219461608876            -349.1569644313708            2.123969533255452             -351.28093396462623           2546.49892674665              0.03218239190666985           0.003619031092335552          
9250.0                        294.3854223631512             -349.23559200832085           1.8645600767588966            -351.10015208507974           2546.49892674665              0.03581469482467324           0.006325997449904699          
9500.0                        327.8030054116735             -348.730507173268             2.076218285626269             -350.8067254588943            2546.49892674665              0.038113009685892485          0.007005533486142812          
9750.0                        244.16162046206523            -348.89386805301785           1.5464556843060242            -350.44032373732387           2546.49892674665              0.039775548380541356          0.003194062867805845          
10000.0                       276.89561755331044            -349.32057996357435           1.753784238957708             -351.0743642025321            2546.49892674665              0.029837603793887738          0.003940752100796589          
10250.0                       321.14811633262997            -349.0496702125722            2.034067963125801             -351.083738175698             2546.49892674665              0.03646995664495642           0.0035382049186814084         
10500.0                       363.8683079818862             -348.9929760350084            2.3046464557062896            -351.2976224907147            2546.49892674665              0.03180905318674053           0.005437772508977995          
10750.0                       292.3678916471701             -349.0328195519187            1.8517815662047545            -350.88460111812344           2546.49892674665              0.028651893439786455          0.003510720579007117          
11000.0                       307.3330509517194             -348.53287808866327           1.9465669613428942            -350.4794450500062            2546.49892674665              0.0338499978883377            0.0021943858670971906         
11250.0                       359.71633928474296            -348.80943101552106           2.2783489746336842            -351.08777999015473           2546.49892674665              0.029268252336645206          0.0024922956466875753         
11500.0                       287.55728692084034            -349.0941129920877            1.8213124572190615            -350.9154254493067            2546.49892674665              0.03388373104881719           0.005909563422962072          
11750.0                       251.98544666976935            -349.18082035213985           1.5960097480816056            -350.77683010022145           2546.49892674665              0.03896544120252939           0.0023248620957797535         
12000.0                       300.2102988543963             -348.8862443092334            1.9014533171593306            -350.78769762639274           2546.49892674665              0.026688308976013205          0.0032709227033690808         
12250.0                       354.2267852258319             -348.93839315171306           2.243579578597393             -351.18197273031046           2546.49892674665              0.031261093457304885          0.004751617441656982          
12500.0                       325.44185397659425            -348.8629114870343            2.061263371535449             -350.92417485856976           2546.49892674665              0.0355107922496717            0.0033911872435564727         
