CMo16S32_5cfcff
time                          T                             E_tot                         E_kin                         E_pot                         V                             MSD                           P_internal                    
0                             299.9999999999999             -344.54886503064137           1.9001213393563947            -346.4489863699978            2546.49892674665              0.0                           0.017471269418179333          
250.0                         277.67163177549713            -347.4166130942048            1.758699309568445             -349.17531240377326           2546.49892674665              0.00640531232017189           0.012019945487607049          
500.0                         362.24433272032417            -347.7822700741825            2.2943606222093536            -350.0766306963919            2546.49892674665              0.005943730108015148          0.00940246099171514           
750.0                         296.71644258200894            -347.8654838483601            1.8793241476266394            -349.7448079959867            2546.49892674665              0.007053329759662651          0.01054987065892348           
1000.0                        301.1874499701106             -347.76334201352154           1.9076423361151464            -349.6709843496367            2546.49892674665              0.0060326102240122245         0.009944788102993256          
1250.0                        321.11056730767814            -347.94090171478354           2.033830137447191             -349.9747318522307            2546.49892674665              0.005583907133333545          0.009339149586991004          
1500.0                        292.86511941124223            -348.0929830570995            1.8549308764882009            -349.9479139335877            2546.49892674665              0.005075124402389384          0.008602590971791274          
1750.0                        287.4216819868077             -348.1462713374891            1.8204535711228031            -349.9667249086119            2546.49892674665              0.007807947128630052          0.006489572298156494          
2000.0                        377.67272256193326            -347.484249456475             2.39207999810919              -349.8763294545842            2546.49892674665              0.008276163989921486          0.008162273307483491          
2250.0                        317.1912795659798             -347.9866110257809            2.009006396536928             -349.9956174223178            2546.49892674665              0.007161079087177734          0.01067512382703304           
2500.0                        217.45757183089495            -348.852850909175             1.3773192421350322            -350.23017015131006           2546.49892674665              0.006488019440047423          0.009944720081151518          
2750.0                        310.28249929760136            -347.72322271221395           1.9652479938140268            -349.688470706028             2546.49892674665              0.007958337632322607          0.010347161275013839          
3000.0                        251.54655161875533            -348.32488452443744           1.5932299019077067            -349.91811442634514           2546.49892674665              0.006989169174638373          0.008548990285071079          
3250.0                        347.3716861349077             -347.95960839743356           2.2001611783771673            -350.15976957581074           2546.49892674665              0.006714218870190099          0.00826385266813363           
3500.0                        256.4048124942699             -348.39384761020045           1.6240008524467917            -350.01784846264724           2546.49892674665              0.006802850511129144          0.006436342128714579          
3750.0                        288.60612097383614            -348.4466165447625            1.827955497104198             -350.2745720418667            2546.49892674665              0.0051691695314137745         0.009670361394978054          
4000.0                        299.35692486648884            -347.85486503348784           1.8960482700764154            -349.75091330356423           2546.49892674665              0.007264904195185805          0.010146833739411268          
4250.0                        250.99358923837067            -348.80229963129705           1.5897275831782727            -350.3920272144753            2546.49892674665              0.01385569770549943           0.00881852910610085           
4500.0                        290.3870336975894             -349.11197413429943           1.8392353313373142            -350.95120946563674           2546.49892674665              0.028641118644224542          0.004024842729657742          
4750.0                        328.15614137830744            -348.7229425256921            2.0784549562459205            -350.801397481938             2546.49892674665              0.03023858231113343           0.0027113648098940086         
5000.0                        265.5494391667763             -349.12103032891457           1.6819205200497156            -350.8029508489643            2546.49892674665              0.029050165383697223          0.005768730397764477          
5250.0                        271.79864894839505            -349.3486749948116            1.721501376250277             -351.07017637106185           2546.49892674665              0.03467587570434301           0.0037913860598219325         
5500.0                        309.3788771968151             -348.7461437163675            1.9595246883593               -350.7056684047268            2546.49892674665              0.03903841425297477           0.002865137094284948          
5750.0                        287.48931022075067            -348.9674131553179            1.82088191062433              -350.78829506594224           2546.49892674665              0.03844899167134494           0.004909189483497891          
6000.0                        266.6920005838247             -349.44669451296613           1.6891572044832455            -351.1358517174494            2546.49892674665              0.03327279989178942           0.005018607914850374          
6250.0                        344.4925811856672             -349.0420875892241            2.181925682536172             -351.22401327176027           2546.49892674665              0.03267886183752248           0.004491813977779055          
6500.0                        363.33361941800854            -348.7163276427744            2.3012598785391774            -351.01758752131354           2546.49892674665              0.030507758501582438          0.003983211959002253          
6750.0                        329.90708082658807            -349.1359226556649            2.0895449476112504            -351.2254676032762            2546.49892674665              0.032558181208853294          0.005979841043472022          
7000.0                        287.41410755495417            -349.03176215985906           1.8204055966574753            -350.8521677565165            2546.49892674665              0.036446928424684964          0.003262727464466092          
7250.0                        323.1540458762566             -348.6394421034783            2.046772994896102             -350.6862150983744            2546.49892674665              0.03296859268559513           0.0044582941197071025         
7500.0                        332.05386377230616            -348.99043953969374           2.103142107898335             -351.0935816475921            2546.49892674665              0.030809195457014955          0.004429565165948112          
7750.0                        300.73088628736383            -348.9808123775174            1.9047505814606052            -350.885562958978             2546.49892674665              0.028048112242451972          0.006044449218723907          
8000.0                        379.7529596756896             -348.22670644238804           2.4052556745450886            -350.6319621169331            2546.49892674665              0.033123504422581274          0.004982275239117985          
8250.0                        343.4700326782988             -349.007918920547             2.1754491284049133            -351.18336804895193           2546.49892674665              0.03317862415009755           0.0028465364843099374         
8500.0                        297.26868621430606            -348.90678601496217           1.8828219139941442            -350.7896079289563            2546.49892674665              0.03477519755374028           0.0055023780681233425         
8750.0                        312.3180228776913             -349.09749921134306           1.978140466451667             -351.07563967779475           2546.49892674665              0.02916684585242047           0.004580741080657469          
9000.0                        220.576205539992              -349.5635268532462            1.3970718503360038            -350.96059870358215           2546.49892674665              0.02910439628518197           0.0035384822339685853         
9250.0                        308.0988236258937             -349.1487287499293            1.9514171646738767            -351.1001459146032            2546.49892674665              0.034052236104091985          0.0048278363234377075         
9500.0                        263.77456276815684            -349.5285543986024            1.670678918317259             -351.1992333169197            2546.49892674665              0.036854435140926324          0.0043329070074993705         
9750.0                        331.695163708482              -348.92475809398815           2.100870195745999             -351.02562828973413           2546.49892674665              0.033665433208155696          0.002696853090094904          
10000.0                       306.11650105560534            -348.9325271828469            1.9388616532829006            -350.8713888361298            2546.49892674665              0.02512753070181814           0.006652220735455212          
10250.0                       269.2750780897027             -349.2625694630657            1.7055177401170125            -350.9680872031827            2546.49892674665              0.032505742421587             0.0075454565932023            
10500.0                       265.5772861024134             -349.20140669721377           1.6820968952385142            -350.88350359245226           2546.49892674665              0.0358406326800437            0.0050600415742470305         
10750.0                       313.87660817004024            -348.9679039430954            1.988012137028998             -350.9559160801244            2546.49892674665              0.033711347130536334          0.0038543259141322855         
11000.0                       240.5673902544119             -349.2941809340687            1.5236907725856192            -350.81787170665433           2546.49892674665              0.04599659948563651           0.0012170426250273318         
11250.0                       320.75279583878137            -349.3436741689468            2.0315641067716457            -351.37523827571846           2546.49892674665              0.03579808336987313           0.0018361569789277464         
11500.0                       295.8102150938972             -349.21498457956864           1.8735843403317314            -351.08856891990035           2546.49892674665              0.03203214232322127           0.0030872515539951966         
11750.0                       326.95652777509537            -348.7276146791449            2.0708569182244356            -350.7984715973693            2546.49892674665              0.030204516186053777          0.005258774473558087          
12000.0                       202.6045094787411             -349.30445123007974           1.2832438397013035            -350.58769506978103           2546.49892674665              0.029331022857768178          0.00482471203388135           
12250.0                       312.0878535028574             -348.8794222219017            1.976682633982373             -350.85610485588404           2546.49892674665              0.03127615641818276           0.0026168654077759553         
12500.0                       279.6010875542572             -349.4698659918385            1.7709199765636665            -351.2407859684022            2546.49892674665              0.026959167404203135          0.004204045210866929          
