CMo16S32_ef785c
time                          T                             E_tot                         E_kin                         E_pot                         V                             MSD                           P_internal                    
0                             300.0000000000001             -344.5488650306413            1.900121339356396             -346.4489863699977            2546.49892674665              0.0                           0.017471269418179298          
250.0                         253.39351579824955            -348.26624296749065           1.604928088742653             -349.8711710562333            2546.49892674665              0.014282465191473324          0.005284033731208614          
500.0                         293.8152191642543             -347.8988367749467            1.8609485592055859            -349.7597853341523            2546.49892674665              0.016001481746754302          0.004604352627803072          
750.0                         243.05779304190318            -348.3968790694339            1.5394643308526355            -349.93634340028655           2546.49892674665              0.017489578864112315          0.005960961698522324          
1000.0                        295.0366817109669             -348.1846256568047            1.8686849827063632            -350.0533106395111            2546.49892674665              0.01942115558865663           0.006121578229352293          
1250.0                        245.47155920142575            -348.7046559793905            1.554752492812386             -350.2594084722029            2546.49892674665              0.01659244703075249           0.007371030413607149          
1500.0                        275.48159726693586            -348.27355419481484           1.7448282052229642            -350.0183824000378            2546.49892674665              0.02736645658471639           0.0045419980492557325         
1750.0                        292.72517046322133            -348.55816632216323           1.8540444765463509            -350.41221079870957           2546.49892674665              0.030443610131417515          0.007187499577552571          
2000.0                        291.08342812230586            -348.591110809263             1.843646111027356             -350.43475692029034           2546.49892674665              0.03083044372423547           0.0059073805232242906         
2250.0                        305.31139449179983            -348.2124368374884            1.933762319408425             -350.1461991568968            2546.49892674665              0.033852331763806566          0.0030021903968896375         
2500.0                        282.9989324863693             -349.0233683361931            1.792441035441434             -350.8158093716345            2546.49892674665              0.03229663454042877           0.008143936399338655          
2750.0                        278.06705850472247            -348.36344453592693           1.7612038387896214            -350.12464837471657           2546.49892674665              0.03081538777921102           0.007074944446729944          
3000.0                        310.2362871391181             -348.49128184032406           1.964955298119121             -350.45623713844316           2546.49892674665              0.030883650540047596          0.007845867633079517          
3250.0                        281.4085083123828             -348.1824344773117            1.7823677057360339            -349.9648021830477            2546.49892674665              0.03619673944360616           0.006525561403258485          
3500.0                        263.4172216933164             -349.07592661742274           1.668415613644816             -350.74434223106755           2546.49892674665              0.02948533388481994           0.00570377508604433           
3750.0                        323.1325404422898             -348.24694542853535           2.0466367851161276            -350.29358221365146           2546.49892674665              0.03190194133397352           0.003079249770959963          
4000.0                        261.9660110107872             -348.6453640556392            1.6592240256922308            -350.3045880813315            2546.49892674665              0.031818047989922334          0.0037497075175777508         
4250.0                        416.2572812089345             -347.6684951869258            2.636464475625241             -350.304959662551             2546.49892674665              0.03177582279984329           0.0037541628913444584         
4500.0                        233.77948597841382            -349.0058227229479            1.480697966704511             -350.4865206896524            2546.49892674665              0.028778138445558297          0.005085242191475307          
4750.0                        274.7355589173614             -348.94882897035666           1.7401029939296155            -350.68893196428627           2546.49892674665              0.031160390092331167          0.006276999427457117          
5000.0                        295.9829682015521             -349.02860422001856           1.8746785132193822            -350.903282733238             2546.49892674665              0.028504522347359486          0.0070789433924184145         
5250.0                        338.4583105236083             -348.519579980039             2.1437061943614046            -350.6632861744004            2546.49892674665              0.030143448880087492          0.0028803324342260126         
5500.0                        312.373825458133              -348.459126349379             1.9784939053646287            -350.43762025474365           2546.49892674665              0.03453113356915747           0.006742984148711716          
5750.0                        324.19008254221785            -348.47723627119285           2.0533349794872646            -350.5305712506801            2546.49892674665              0.03585070398706535           0.004429953952887247          
6000.0                        286.97198495553334            -348.9591932892262            1.817605308038238             -350.7767985972645            2546.49892674665              0.028662431017882396          0.003928441311026602          
6250.0                        239.11794762714698            -349.0585882801312            1.5145103830314897            -350.5730986631627            2546.49892674665              0.03204944827136532           0.0026845831913654265         
6500.0                        334.99804811094396            -348.5522800483576            2.1217897995278165            -350.6740698478854            2546.49892674665              0.03396652384925329           0.004399928386729451          
6750.0                        258.05841838432815            -348.54609886058915           1.6344743585754087            -350.18057321916456           2546.49892674665              0.030006498135616625          0.005988366735479427          
7000.0                        384.61012169407               -347.9920423072248            2.4360196652112083            -350.428061972436             2546.49892674665              0.029383923427747483          0.0050493970677663105         
7250.0                        317.5431466947369             -348.71050813080967           2.0112350306701594            -350.7217431614798            2546.49892674665              0.029978104266956025          0.006325469876730942          
7500.0                        256.49631058718205            -348.92560038234154           1.624580377376301             -350.5501807597178            2546.49892674665              0.03168481095057436           0.0063254589339790425         
7750.0                        331.3848317504519             -348.53159899876187           2.0989046344935414            -350.6305036332554            2546.49892674665              0.030145443805089763          0.0041445101665248665         
8000.0                        212.29671612745003            -349.02738424723              1.3446317352968493            -350.3720159825268            2546.49892674665              0.029854725907895653          0.005401441408568568          
8250.0                        244.04131806736498            -348.9399606742849            1.5456937204815389            -350.48565439476647           2546.49892674665              0.03262312371004183           0.005007433741894364          
8500.0                        298.0386406466617             -348.8108308447802            1.8876986034849808            -350.69852944826516           2546.49892674665              0.028286303967533285          0.0065043088466744505         
8750.0                        326.25005401850285            -348.3888985330734            2.0663822986891134            -350.45528083176254           2546.49892674665              0.02559774972320573           0.008407427938613652          
9000.0                        281.0592743104916             -348.6713201736707            1.7801557491379594            -350.4514759228087            2546.49892674665              0.0311732205634009            0.00416914375782091           
9250.0                        289.310821993338              -348.48042722576776           1.8324188885876036            -350.31284611435535           2546.49892674665              0.033511056977130776          0.007564690758157196          
9500.0                        307.6906524809724             -348.5826958594607            1.948831915665295             -350.531527775126             2546.49892674665              0.02719856333194284           0.007231530613525675          
9750.0                        285.4211851651824             -348.7061024765118            1.807782948789187             -350.51388542530094           2546.49892674665              0.032701227142741644          0.00554492903605188           
10000.0                       303.8217950946252             -348.3737900838181            1.9243275874028785            -350.298117671221             2546.49892674665              0.03433589809311215           0.00728235304357384           
10250.0                       273.0673087378996             -348.9253959263091            1.7295367347116803            -350.6549326610208            2546.49892674665              0.0318582238886052            0.005450889189841337          
10500.0                       315.5122429548778             -348.19849817705335           1.9983718188892097            -350.19686999594256           2546.49892674665              0.033855863219620946          0.0037561889271314933         
10750.0                       266.5389987355419             -348.86829866867765           1.6881881308936346            -350.5564867995713            2546.49892674665              0.027964687529392112          0.005315870738013669          
11000.0                       304.3739194449677             -348.1805656653265            1.9278245982697588            -350.1083902635963            2546.49892674665              0.03026583235348985           0.0019195625089201598         
11250.0                       291.02706401065444            -348.39006408020435           1.843289115522947             -350.2333531957273            2546.49892674665              0.031151109638961925          0.005669311715069345          
11500.0                       329.4438617429063             -348.2378878700364            2.0866110393922472            -350.32449890942866           2546.49892674665              0.026302313223908722          0.0061263799268467265         
11750.0                       247.7988866973333             -349.1827977616215            1.569493174941202             -350.7522909365627            2546.49892674665              0.02870705151688983           0.00602731507934036           
12000.0                       276.0483831558729             -349.1819997114224            1.7484180784310153            -350.93041778985344           2546.49892674665              0.028700845670041674          0.004787845127056326          
12250.0                       242.00728798990977            -348.81985799551336           1.5328107072979875            -350.35266870281134           2546.49892674665              0.031480898418508894          0.0029157637349143824         
12500.0                       321.1517990738121             -348.14772050310364           2.0340912886428257            -350.18181179174644           2546.49892674665              0.035089306594868204          0.004448285948210743          
