CMo16S32_b03aa6
time                          T                             E_tot                         E_kin                         E_pot                         V                             MSD                           P_internal                    
0                             299.99999999999994            -344.5488650306413            1.9001213393563952            -346.4489863699977            2546.49892674665              0.0                           0.017471269418179308          
150.0                         274.1811110647491             -348.2246066729396            1.7365912666085854            -349.9611979395482            2546.49892674665              0.005627129112497319          0.006050746199351587          
300.0                         279.20731085051966            -348.31022909859973           1.7684258981712895            -350.07865499677104           2546.49892674665              0.005634106379394856          0.00907860542952965           
450.0                         330.13901292401204            -348.0860758942539            2.0910139447032403            -350.17708983895716           2546.49892674665              0.006385857519611415          0.010956748356939598          
600.0                         319.31793118558875            -348.17089222380207           2.022476050282914             -350.193368274085             2546.49892674665              0.007718775512491942          0.008095461881102528          
750.0                         300.3985415065431             -348.2410791540966            1.9026455967604012            -350.143724750857             2546.49892674665              0.006872964375967406          0.010818851380131575          
900.0                         278.35003645692217            -348.40278528493707           1.762996146941428             -350.1657814318785            2546.49892674665              0.004614633160496412          0.009127398409390032          
1050.0                        313.2306105846587             -347.8042384652216            1.9839205577051438            -349.7881590229267            2546.49892674665              0.008277104273231757          0.01104030729194167           
1200.0                        349.3176528826035             -347.9871341969924            2.2124864215204165            -350.19962061851277           2546.49892674665              0.005820005826204481          0.007415051464203887          
1350.0                        328.95651188003006            -347.7417306405518            2.083524293144969             -349.8252549336968            2546.49892674665              0.010725735596755798          0.006256304739877619          
1500.0                        345.1681497667487             -348.0138264525983            2.186204556793211             -350.2000310093915            2546.49892674665              0.01881101414902317           0.007214184888932897          
1650.0                        298.27134185629393            -348.7073469538248            1.8891724719320349            -350.59651942575687           2546.49892674665              0.020135353516121075          0.007520841400741245          
1800.0                        325.4304447101046             -348.597836212037             2.0611911082330376            -350.65902732027007           2546.49892674665              0.02980244258997824           0.002796603986284743          
1950.0                        270.9177506873588             -349.0798700099291            1.7159219976382873            -350.7957920075674            2546.49892674665              0.0319717034264743            0.004811301405041761          
2100.0                        316.5380271905819             -348.687888348078             2.0048688672753316            -350.6927572153533            2546.49892674665              0.03878620824953751           0.005945477170802866          
2250.0                        295.6038254483129             -348.9302068823849            1.872277122432408             -350.8024840048173            2546.49892674665              0.03170881118592903           0.0047050634765378446         
2400.0                        293.25414890346553            -348.68513391050334           1.8573948872875756            -350.5425287977909            2546.49892674665              0.02968204353358822           0.004473959571509165          
2550.0                        260.371171089128              -349.0528330147542            1.6491227277988902            -350.7019557425531            2546.49892674665              0.03637983627596393           0.004660687932271867          
2700.0                        336.41579477558383            -348.774479032107             2.1307694351654285            -350.90524846727243           2546.49892674665              0.03665343166711824           0.0056072454480448905         
2850.0                        324.86481225510903            -348.9312230363052            2.057608540573139             -350.98883157687834           2546.49892674665              0.03533567605804343           0.003385972854556534          
3000.0                        292.28339079763396            -348.95388894309116           1.8512463599800963            -350.80513530307127           2546.49892674665              0.0283139117942345            0.002643683091869815          
3150.0                        299.038224956713              -348.5304711052279            1.8940297084116953            -350.4245008136396            2546.49892674665              0.03667808826461849           0.003315428910967935          
3300.0                        354.9689979497327             -348.9563940179977            2.248280559380812             -351.2046745773785            2546.49892674665              0.0322493258011862            0.004735340880245293          
3450.0                        350.591074373708              -348.86908212433207           2.2205519393512256            -351.0896340636833            2546.49892674665              0.035852682656731756          0.001636309989530511          
3600.0                        272.3479357590807             -349.1809154155919            1.7249804148849799            -350.9058958304769            2546.49892674665              0.0321588563146526            0.004778246335177201          
3750.0                        293.22811156922774            -349.45541117690965           1.8572299736395583            -351.3126411505492            2546.49892674665              0.035902112653180364          0.005062479392775814          
3900.0                        303.19726897946725            -348.7557700762682            1.9203720027415554            -350.67614207900976           2546.49892674665              0.037552583875771185          0.003932048691215098          
4050.0                        262.4361100059574             -349.3972943020876            1.6622015094666738            -351.05949581155426           2546.49892674665              0.02865113223352574           0.0032031236315590867         
4200.0                        264.81104862766756            -349.76000028020246           1.677243747982584             -351.43724402818503           2546.49892674665              0.03160747631684514           0.005448706029012799          
4350.0                        323.11447998206273            -348.9470043616916            2.0465223948965408            -350.99352675658815           2546.49892674665              0.03488978179549092           0.0031937531176751913         
4500.0                        301.0693107794581             -348.6461066856854            1.9068940734579023            -350.55300075914334           2546.49892674665              0.03478299473876993           0.0033759005120063777         
4650.0                        335.39244096993275            -348.7649661324013            2.124287780485998             -350.8892539128873            2546.49892674665              0.03606630950468509           0.00277958927963407           
4800.0                        356.45476852531016            -348.25887490747              2.2576910406342874            -350.5165659481043            2546.49892674665              0.043491593739694766          0.004635354470581314          
4950.0                        298.31666765321535            -349.1606299987505            1.8894595536452141            -351.0500895523957            2546.49892674665              0.033625580720718265          0.0055226063024130375         
5100.0                        300.4692064141669             -348.75960730933804           1.9030931697567999            -350.66270047909484           2546.49892674665              0.03252090766744956           0.0034859345644513307         
5250.0                        317.44563846904475            -349.04406381745986           2.0106174391354914            -351.05468125659536           2546.49892674665              0.03266414858574823           0.003970082810563937          
5400.0                        321.71828341951095            -348.7024026841056            2.0376792519550717            -350.7400819360607            2546.49892674665              0.03235285118721094           0.00503587895642937           
5550.0                        347.68244367784666            -348.8268259182176            2.202129435172848             -351.0289553533904            2546.49892674665              0.033234554900049174          0.005625718942111064          
5700.0                        287.04077809596527            -349.09397799417417           1.8180410257520248            -350.9120190199262            2546.49892674665              0.031148457167524218          0.005210723419881949          
5850.0                        316.5135152660899             -348.876996314367             2.0047136151726788            -350.8817099295397            2546.49892674665              0.03644681057161547           0.002608753747767902          
6000.0                        265.74395236196636            -349.48316813803393           1.683152515626272             -351.1663206536602            2546.49892674665              0.027416794394472713          0.0054005573284359384         
