CMo16S32_2da05b
time                          T                             E_tot                         E_kin                         E_pot                         V                             MSD                           P_internal                    
0                             299.99999999999994            -344.54886503064137           1.9001213393563952            -346.4489863699978            2546.49892674665              0.0                           0.017471269418179336          
250.0                         297.27574440185924            -347.9681039159417            1.882866618703434             -349.8509705346451            2546.49892674665              0.007120287010339824          0.009971593594638525          
500.0                         305.07953314303757            -348.05477451676984           1.932293770419908             -349.98706828718974           2546.49892674665              0.005486222175620884          0.008185902222344462          
750.0                         325.4822701962749             -348.20296987411035           2.0615193572736867            -350.26448923138406           2546.49892674665              0.005389067443808968          0.007437554346109199          
1000.0                        315.6580759508979             -347.944736928772             1.9992954868482762            -349.94403241562026           2546.49892674665              0.006727017665556476          0.008193010895282071          
1250.0                        243.96340389138453            -348.09911971785203           1.5452002325201426            -349.64431995037216           2546.49892674665              0.006864002409848675          0.007000581944676273          
1500.0                        254.0281619142799             -348.0431454362322            1.608947770836016             -349.6520932070682            2546.49892674665              0.0061559502758998415         0.007791935646382156          
1750.0                        272.8265285132984             -348.03254543102474           1.7280116959021476            -349.76055712692687           2546.49892674665              0.007073078281766601          0.00602622018505338           
2000.0                        313.4596701097532             -347.96011497901287           1.9853713606771934            -349.9454863396901            2546.49892674665              0.0063561770320443856         0.008869381103603307          
2250.0                        314.7953521991654             -348.18053980895763           1.9938312208128213            -350.17437102977044           2546.49892674665              0.006850636332373599          0.007879401118770703          
2500.0                        305.109095946532              -347.9776172365594            1.932481013465811             -349.9100982500252            2546.49892674665              0.00467879305270633           0.009219748753926418          
2750.0                        268.64521350553747            -348.3825837178466            1.7015283429927555            -350.08411206083935           2546.49892674665              0.0053983053465645105         0.008768196496325712          
3000.0                        303.80820151639676            -348.0751381947526            1.924241489242645             -349.99937968399524           2546.49892674665              0.0063646168653856425         0.009433683939606734          
3250.0                        268.83159041317737            -348.33896243088094           1.7027088054573214            -350.0416712363383            2546.49892674665              0.0059612909852296845         0.011556285014309308          
3500.0                        317.7395163568443             -348.2860556111152            2.012478784621401             -350.2985343957366            2546.49892674665              0.00595014608328958           0.006739402137425836          
3750.0                        319.18476408387113            -347.90546091346187           2.0216326047773343            -349.9270935182392            2546.49892674665              0.00740858500508327           0.0068179323548826646         
4000.0                        321.8794423329877             -348.4191512476174            2.038699990256821             -350.4578512378742            2546.49892674665              0.005406082184434004          0.007649886549159122          
4250.0                        327.08437443760704            -348.5637127710957            2.0716666654631153            -350.6353794365588            2546.49892674665              0.004453317050897221          0.0101650591339388            
4500.0                        332.48992924924795            -347.6819250175264            2.1059040322919804            -349.78782904981836           2546.49892674665              0.0067428306336788525         0.0060195404323578556         
4750.0                        352.9000047713317             -347.63529511908547           2.23517609908327              -349.87047121816875           2546.49892674665              0.007095739016304458          0.008108151803455895          
5000.0                        301.7854560402566             -347.92834259029496           1.9114299497649765            -349.8397725400599            2546.49892674665              0.006431811071323693          0.007893343427810874          
5250.0                        304.42785093450726            -348.3107780598409            1.9281661861835502            -350.23894424602446           2546.49892674665              0.005952986448373701          0.005783949863717257          
5500.0                        288.8288594606699             -348.5766291960214            1.8293662642772939            -350.40599546029864           2546.49892674665              0.01575688283315021           0.007850164410665907          
5750.0                        317.57436762082614            -348.0794247554556            2.0114327758298147            -350.0908575312854            2546.49892674665              0.014223772113577317          0.0076304858118672325         
6000.0                        329.3632032545699             -348.63976541713913           2.0861001696759534            -350.7258655868151            2546.49892674665              0.020351661105568263          0.005285236365218264          
6250.0                        345.39431149374417            -348.7195212430374            2.1876370058719106            -350.9071582489093            2546.49892674665              0.022738835556733845          0.006346926686994461          
6500.0                        268.2762516743467             -349.1145952024597            1.6991914354965771            -350.8137866379563            2546.49892674665              0.025396972259969914          0.006559743183007883          
6750.0                        361.3064899471946             -348.54801027366005           2.288420571988738             -350.8364308456488            2546.49892674665              0.03103360307512031           0.006026536670003291          
7000.0                        271.5429269345999             -349.1631156478166            1.7198817000657594            -350.88299734788234           2546.49892674665              0.03061108860087097           0.0037425152841388965         
7250.0                        288.47460110285346            -349.3797971050579            1.827122484726186             -351.2069195897841            2546.49892674665              0.03389505125881954           0.00440908205783959           
7500.0                        328.6638152147815             -349.36513297277867           2.081670429212978             -351.44680340199164           2546.49892674665              0.03752777312086462           0.003418090450385551          
7750.0                        272.0899769036187             -349.1134242659848            1.723346571131849             -350.83677083711666           2546.49892674665              0.031906961679586204          0.005567125599121041          
8000.0                        254.83985145227956            -348.92600005613986           1.6140887995429676            -350.5400888556828            2546.49892674665              0.02882731635340942           0.0033072378589077724         
8250.0                        266.70418458570464            -349.6952580300302            1.6892343747564813            -351.38449240478667           2546.49892674665              0.032204806331508934          0.004274523151512802          
8500.0                        297.49049937648914            -349.04516567758145           1.8842268204035246            -350.92939249798496           2546.49892674665              0.025022572951643497          0.004559393528880676          
8750.0                        321.9593359680902             -348.52158640631535           2.0392060155932774            -350.5607924219086            2546.49892674665              0.034975793390640345          0.0038014830344350325         
9000.0                        291.9581475350681             -349.13527500257976           1.8491863544344855            -350.98446135701425           2546.49892674665              0.0344422745478694            0.006041516461611406          
9250.0                        276.1328766543277             -349.13288339073017           1.7489532380958515            -350.881836628826             2546.49892674665              0.04328545717371364           0.0034245131707892514         
9500.0                        340.2517159051148             -348.894346950083             2.155065153813128             -351.04941210389615           2546.49892674665              0.027897654435839674          0.004910364765025981          
9750.0                        298.92250956019996            -349.3026573462564            1.8932967974310069            -351.1959541436874            2546.49892674665              0.034799010777795035          0.0038981146217491893         
10000.0                       276.81299281892456            -349.1845988095645            1.7532609155544907            -350.937859725119             2546.49892674665              0.0312222875818552            0.002235382499170772          
10250.0                       298.4702867805687             -348.8823364849672            1.8904325369186052            -350.7727690218858            2546.49892674665              0.029855738046987736          0.006230917449543678          
10500.0                       295.33611972819824            -349.0263225275256            1.8705815445942158            -350.8969040721198            2546.49892674665              0.028267121750623157          0.0022655022983977904         
10750.0                       230.97570499860367            -349.4877493642827            1.4629395531357816            -350.95068891741846           2546.49892674665              0.03044242717798317           0.004374859297869959          
11000.0                       277.50110360058375            -349.0474308561073            1.7576192288213968            -350.8050500849287            2546.49892674665              0.030649321028048723          0.005373576627718938          
11250.0                       283.68007187172856            -349.27446429524525           1.7967551937120911            -351.07121948895735           2546.49892674665              0.03341255984083415           0.003024726437266655          
11500.0                       250.53429466272752            -349.6993931118855            1.586818531764172             -351.28621164364966           2546.49892674665              0.029392484609949077          0.0031296616939220936         
11750.0                       311.40163407753573            -348.72364021658865           1.972336300070591             -350.69597651665924           2546.49892674665              0.033975373526518436          0.0034654933082902506         
12000.0                       272.0652437862558             -349.3366351943975            1.7231899180515486            -351.05982511244906           2546.49892674665              0.035280778032398145          0.00550463712404193           
12250.0                       269.66849126194774            -349.47132393572264           1.7080095159962352            -351.1793334517189            2546.49892674665              0.03322826877068002           0.004303467892376379          
12500.0                       331.44986878253695            -348.81160944634195           2.0993165620019187            -350.9109260083439            2546.49892674665              0.03675937451023082           0.00262221894831774           
