CMo16S32_c02fd4
time                          T                             E_tot                         E_kin                         E_pot                         V                             MSD                           P_internal                    
0                             299.9999999999999             -344.5488650306413            1.9001213393563945            -346.4489863699977            2546.49892674665              0.0                           0.0174712694181793            
250.0                         322.4148730892991             -347.9073636616982            2.042091268276204             -349.94945492997437           2546.49892674665              0.005935379424442374          0.010261546913073077          
500.0                         214.66837722309307            -348.8933230760028            1.359653214822025             -350.2529762908248            2546.49892674665              0.005343763677041283          0.011333304058558959          
750.0                         289.9572186705537             -348.0496623694984            1.836512995654492             -349.8861753651529            2546.49892674665              0.006783165975395364          0.00813981183714158           
1000.0                        324.8493206766287             -348.44205512894143           2.0575104209769695            -350.49956554991843           2546.49892674665              0.012819889280037383          0.008380238847610957          
1250.0                        326.7098686952651             -348.7380184499919            2.0692946442873303            -350.8073130942792            2546.49892674665              0.025128656727774156          0.004003409820482193          
1500.0                        314.4003142444436             -348.76064993452616           1.9913291539874125            -350.75197908851356           2546.49892674665              0.03887490059974284           0.0031139664090863895         
1750.0                        285.9976301730517             -349.159177878957             1.8114340003239133            -350.9706118792809            2546.49892674665              0.03338472825869201           0.0036633058082947336         
2000.0                        321.59565669460994            -348.8331246476058            2.036902566432539             -350.8700272140384            2546.49892674665              0.03188947642012735           0.005536211187653785          
2250.0                        277.719605573797              -349.27737566711846           1.7590031630280436            -351.03637883014653           2546.49892674665              0.03500369149614739           0.003979528831646742          
2500.0                        297.8976308944511             -349.16781566882594           1.8868054846875384            -351.0546211535135            2546.49892674665              0.027932707198591283          0.005177127462684785          
2750.0                        310.67765951916044            -348.770808306493             1.9677508350455244            -350.73855914153853           2546.49892674665              0.031204693745059752          0.005395529016989229          
3000.0                        355.74892974091415            -348.44955287421885           2.2532204428463665            -350.70277331706524           2546.49892674665              0.03407351621380562           0.005303275184254389          
3250.0                        371.9711966574482             -348.4723036079548            2.3559680279825055            -350.8282716359373            2546.49892674665              0.032644226968249285          0.0038523948788161413         
3500.0                        304.74187511926044            -348.9735054825725            1.9301551330319617            -350.90366061560445           2546.49892674665              0.02792076264808213           0.004188681965339486          
3750.0                        333.09774258597696            -348.9133130596849            2.109753762596861             -351.0230668222818            2546.49892674665              0.03300322086423877           0.0026253531325770973         
4000.0                        279.7393632099654             -348.95996339928075           1.7717957783107485            -350.7317591775915            2546.49892674665              0.03614001822381808           0.00456605889847157           
4250.0                        318.2000749074512             -348.9338457663705            2.015395841721505             -350.949241608092             2546.49892674665              0.03361760008362103           0.003515011915562303          
4500.0                        310.151136931078              -348.8823567836493            1.9644159790279623            -350.8467727626773            2546.49892674665              0.03158768923516477           0.008763679432021929          
4750.0                        301.22163606169926            -349.1479626666245            1.907858861855602             -351.0558215284801            2546.49892674665              0.029656485791186692          0.004511681141672342          
5000.0                        320.5143080146701             -348.524431189402             2.030053587425744             -350.55448477682774           2546.49892674665              0.030669416411143607          0.004464756912377933          
5250.0                        315.0486658898856             -348.90679800942803           1.99543564331045              -350.90223365273846           2546.49892674665              0.033938987111144445          0.00528373191757138           
5500.0                        375.1227392363152             -348.7306413305797            2.3759290723358237            -351.10657040291557           2546.49892674665              0.038214946291883184          0.0030295220100727016         
5750.0                        313.76117161217826            -348.4498421244478            1.9872809921392132            -350.43712311658703           2546.49892674665              0.030744850211400544          0.0032896398954195554         
6000.0                        340.63382322281007            -348.66226099177135           2.1574853213740517            -350.8197463131454            2546.49892674665              0.03592006237569295           0.003501936165390718          
6250.0                        304.93249959029185            -349.385032939752             1.9313624984493296            -351.31639543820137           2546.49892674665              0.03179231745583651           0.0033721217356467957         
6500.0                        309.4177477656499             -348.87019170412424           1.9597708843503532            -350.8299625884746            2546.49892674665              0.0407811354625865            0.006391426670572125          
6750.0                        319.0877534366735             -348.6045668042721            2.021018164774384             -350.6255849690465            2546.49892674665              0.02823140951971957           0.003922398455884365          
7000.0                        300.8648448192214             -349.4714719785869            1.9055990396771767            -351.3770710182641            2546.49892674665              0.03445373795482361           0.003766547766257664          
7250.0                        358.55183762656407            -348.7623709434378            2.2709733264656125            -351.0333442699034            2546.49892674665              0.03757956533782245           0.0025611095024583104         
7500.0                        285.2409780613244             -349.02076785594613           1.8066415642440397            -350.8274094201902            2546.49892674665              0.029856008909274086          0.0060456053306159096         
7750.0                        330.3352444097534             -348.7988659528384            2.0922568234816095            -350.89112277632              2546.49892674665              0.038626323055639115          0.0020925809577723763         
8000.0                        281.7964776174028             -349.26889272824747           1.7848250015876461            -351.0537177298351            2546.49892674665              0.03449096607395771           0.0026754710550025585         
8250.0                        239.20743714172482            -349.738608546699             1.515077186152483             -351.2536857328515            2546.49892674665              0.03557702155572182           0.005522616644849532          
8500.0                        369.1452443366058             -348.60426284256795           2.3380691869530508            -350.942332029521             2546.49892674665              0.0374934566171295            0.004777277644749881          
8750.0                        259.82923387704915            -349.0364584796842            1.6456902395946824            -350.68214871927887           2546.49892674665              0.035572413920640505          0.005199722045772032          
9000.0                        298.7831110573013             -348.989183118015             1.8924138838642333            -350.8815970018792            2546.49892674665              0.032339690901947715          0.0053051151305133215         
9250.0                        254.67081014985203            -349.075813447091             1.6130181362563838            -350.68883158334734           2546.49892674665              0.032901460470453635          0.0045269121256362645         
9500.0                        264.00643794823833            -349.36778734727284           1.6721475549097256            -351.03993490218255           2546.49892674665              0.033373431161499004          0.0029344155402709396         
9750.0                        323.2090249103901             -348.8307851255372            2.047121217682683             -350.8779063432199            2546.49892674665              0.03275788204465512           0.0029853926238875834         
10000.0                       323.56081172903487            -348.7905307110573            2.0493493431527208            -350.83988005420997           2546.49892674665              0.02822872138629279           0.005917518948781665          
10250.0                       316.73994462225795            -349.31145101144637           2.006147759344384             -351.31759877079077           2546.49892674665              0.030676378091588654          0.004100826230798911          
10500.0                       344.57761024476844            -348.7314805101519            2.182464234301718             -350.91394474445366           2546.49892674665              0.03543698185855897           0.004097088368165076          
10750.0                       338.06280362483454            -348.8836584093349            2.141201157367329             -351.0248595667022            2546.49892674665              0.031586058002566746          0.002806053913770753          
11000.0                       421.9924847635039             -348.72994180107855           2.672789751157208             -351.40273155223576           2546.49892674665              0.0362136724600149            0.002174014825701821          
11250.0                       301.7559191707972             -349.0283598653844            1.9112428709784512            -350.9396027363629            2546.49892674665              0.03357533788447612           0.0038788260798416456         
11500.0                       385.988442721783              -348.8845986540959            2.444749589202012             -351.3293482432979            2546.49892674665              0.03221748986879327           0.004181305565778143          
11750.0                       282.2008144330023             -349.17669426936266           1.787385964959673             -350.96408023432235           2546.49892674665              0.031068676954886333          0.0036573774837976524         
12000.0                       279.1663419592444             -348.9444455347192            1.7681664119560832            -350.7126119466753            2546.49892674665              0.02790751228580156           0.002594786291980906          
12250.0                       251.48439836838722            -349.59160124434203           1.5928362395165907            -351.18443748385863           2546.49892674665              0.034664939589872615          0.005692098488335912          
12500.0                       343.24719316946135            -348.8015046119081            2.1740377213849342            -350.97554233329305           2546.49892674665              0.03540804509983701           0.005011116540157483          
