CMo16S32_a8575d
time                          T                             E_tot                         E_kin                         E_pot                         V                             MSD                           P_internal                    
0                             300.00000000000006            -344.5488650306413            1.9001213393563958            -346.4489863699977            2546.49892674665              0.0                           0.01747126941817931           
250.0                         503.8882175311583             -345.5241637168218            3.191495849270704             -348.71565956609254           2546.49892674665              0.10786557431332942           0.002565829026475368          
500.0                         567.6265669878547             -345.7417279468537            3.5951978423974507            -349.33692578925115           2546.49892674665              0.03979297582322602           0.003946749365881294          
750.0                         519.026405961152              -345.9380896166525            3.2873771655208013            -349.2254667821733            2546.49892674665              0.041228462754555106          0.001245136712458555          
1000.0                        438.52550715926657            -346.6335090445507            2.777505580018027             -349.41101462456874           2546.49892674665              0.029012984831932907          0.0016227982349600845         
1250.0                        450.47248368731607            -347.12985049146465           2.8531745968238167            -349.98302508828846           2546.49892674665              0.03957274529811526           0.00047667775301383765        
1500.0                        371.3697076117332             -347.6058241101964            2.352158354078665             -349.95798246427506           2546.49892674665              0.03585785757938661           0.00240255414737158           
1750.0                        450.924839395529              -347.82790159010045           2.8560396992709998            -350.68394128937143           2546.49892674665              0.036231135610837975          0.0034870740946164242         
2000.0                        393.09150116877777            -348.36858741330457           2.4897384989681135            -350.8583259122727            2546.49892674665              0.034378036280154116          0.003636939936084779          
2250.0                        374.1878291344184             -348.56287562739465           2.3700075968858436            -350.9328832242805            2546.49892674665              0.030660629214712475          0.0038869286604782498         
2500.0                        366.9367621353371             -348.5185667673699            2.324081239758986             -350.8426480071289            2546.49892674665              0.03313556482879225           0.006337736969880887          
2750.0                        356.1301180901248             -348.7654166072634            2.255634789901864             -351.02105139716525           2546.49892674665              0.03238913458687375           0.0063649065626050156         
3000.0                        394.86138463431416            -348.3532768762737            2.5009484767715793            -350.85422535304525           2546.49892674665              0.029139463266106978          0.00670481906519232           
3250.0                        322.6487433989589             -348.3730038563303            2.0435725414962924            -350.4165763978266            2546.49892674665              0.03380676490090547           0.005632797279246825          
3500.0                        335.42879857194134            -348.5345993144368            2.124518060004079             -350.6591173744409            2546.49892674665              0.027992287597336293          0.005548168139805511          
3750.0                        313.19422375973033            -348.7043603343373            1.9836900930967514            -350.68805042743406           2546.49892674665              0.033291419771827584          0.004724411535495957          
4000.0                        329.3522742053558             -348.7925355063109            2.0860309479438515            -350.8785664542548            2546.49892674665              0.0345569012646888            0.004260923992820522          
4250.0                        333.48311537021027            -348.889434195779             2.1121946127666242            -351.00162880854566           2546.49892674665              0.030588861315955708          0.003669629301626593          
4500.0                        315.52424860189353            -348.72912266340757           1.9984478595095005            -350.72757052291706           2546.49892674665              0.03747478138809668           0.0020801319038069536         
4750.0                        281.4211342446948             -349.23083127141433           1.7824476750807514            -351.01327894649506           2546.49892674665              0.03411944711352153           0.0020304144346320204         
5000.0                        249.81330497084144            -349.5116739813646            1.5822519721008097            -351.09392595346543           2546.49892674665              0.03448253983790418           0.0028015194457042757         
5250.0                        294.3839339577685             -349.22686845409464           1.8645506495894657            -351.09141910368413           2546.49892674665              0.03738124350437339           0.0015146845062150316         
5500.0                        268.1843097465189             -349.10296420390324           1.6986090994330865            -350.80157330333634           2546.49892674665              0.034769474553246464          0.00264456285297649           
5750.0                        267.5684839706924             -348.8158083439155            1.694708620439841             -350.5105169643553            2546.49892674665              0.03896301373047598           0.0033742424186691106         
6000.0                        327.7702200748545             -348.7410078155435            2.0760106318992433            -350.81701844744276           2546.49892674665              0.02862051618999123           0.0028434059906479333         
6250.0                        278.24628244912236            -348.9136999424773            1.7623389962605476            -350.67603893873786           2546.49892674665              0.03660366450570902           0.00386909633225771           
6500.0                        297.9463057220816             -348.7469174198018            1.8871137782831058            -350.63403119808487           2546.49892674665              0.031042651087588368          0.00434574752831885           
6750.0                        316.7344899168638             -348.45744671430316           2.0061132106706534            -350.4635599249738            2546.49892674665              0.034498402218990656          0.004369018961412566          
7000.0                        312.94682755932723            -348.65501222299              1.9821231504312127            -350.63713537342124           2546.49892674665              0.03188417282839036           0.0035474563638388697         
7250.0                        321.76093776651976            -349.0157967890455            2.0379494134049643            -351.0537462024505            2546.49892674665              0.024674299211078513          0.0053413730866218095         
7500.0                        386.921331253665              -348.87514895984737           2.4506582605575784            -351.32580722040495           2546.49892674665              0.028295004082492966          0.0050821822030760674         
7750.0                        284.90827618395696            -349.24657637745              1.8045343177879403            -351.051110695238             2546.49892674665              0.028288165973387246          0.0034901483816374857         
8000.0                        288.63459274784276            -349.32747382899385           1.8281358298553956            -351.15560965884924           2546.49892674665              0.04000343301560944           0.0034814306133291745         
8250.0                        271.82217270534505            -349.37216724031936           1.7216503695588188            -351.09381760987816           2546.49892674665              0.03430480536786758           0.004982122593010159          
8500.0                        286.1721222318408             -349.26378905787635           1.8125391872720913            -351.07632824514843           2546.49892674665              0.0307029840252607            0.003369770269103452          
8750.0                        263.1660110969466             -349.2710103301732            1.666824511595367             -350.9378348417686            2546.49892674665              0.030180170350915973          0.004033448206322736          
9000.0                        271.6873131407732             -349.2203212850047            1.720796204437288             -350.941117489442             2546.49892674665              0.032160828769249875          0.002563830948635996          
9250.0                        233.55226594950005            -349.4679068488447            1.4792588146189503            -350.94716566346364           2546.49892674665              0.03665633254696105           0.0029328193759016303         
9500.0                        254.16815143762346            -349.43804844830845           1.6098344277713208            -351.04788287607977           2546.49892674665              0.030210064712013388          0.0025749013629920406         
9750.0                        266.37546993464446            -349.30105752230764           1.6871523823463528            -350.988209904654             2546.49892674665              0.03283498485822764           0.00350510928739144           
10000.0                       310.3248653342009             -349.42352144078154           1.9655163291813829            -351.3890377699629            2546.49892674665              0.032664057712071516          0.003664299937280796          
10250.0                       250.75778886145957            -349.4125849035923            1.5882340854182826            -351.00081898901055           2546.49892674665              0.03425991764695828           0.005288101381923524          
10500.0                       237.41321355529973            -349.69652560911106           1.5037130444053401            -351.2002386535164            2546.49892674665              0.029933684451123613          0.005276790039575121          
10750.0                       271.2521654416602             -349.70192650704564           1.7180400930077664            -351.4199666000534            2546.49892674665              0.03295918511793063           0.005902859103823345          
11000.0                       289.76653055219464            -349.3352221920504            1.83530522711164              -351.17052741916206           2546.49892674665              0.0316837042676859            0.006048481666396256          
11250.0                       356.8928669342607             -348.966843169981             2.2604658410862375            -351.22730901106723           2546.49892674665              0.03500861894355623           0.005564717429084935          
11500.0                       341.3691165100283             -348.85739628365184           2.1621424762598145            -351.01953875991165           2546.49892674665              0.03466906733446488           0.00678802587077714           
11750.0                       339.95408901310844            -348.89118270838316           2.1531800631175697            -351.04436277150074           2546.49892674665              0.03425163008645352           0.0053973030143636275         
12000.0                       288.4756257550052             -348.8901010287928            1.8271289746042492            -350.71723000339705           2546.49892674665              0.030772498955828276          0.004615334593551523          
12250.0                       306.5892986093586             -349.12809209247416           1.9418562290198411            -351.069948321494             2546.49892674665              0.032344438940691195          0.0037960905956994327         
12500.0                       254.8267872799124             -349.3421102686261            1.614006054500648             -350.9561163231267            2546.49892674665              0.03279489943066498           0.003361854756537447          
12750.0                       274.527291183431              -349.4140478337348            1.7387838807111469            -351.15283171444594           2546.49892674665              0.03181082479390148           0.0041595616500608714         
13000.0                       268.3610242754653             -349.06747471655547           1.6997283629245041            -350.76720307948              2546.49892674665              0.03383505335087072           0.0038550950639311406         
13250.0                       289.1696887682646             -349.25393863569855           1.8315249877454234            -351.08546362344396           2546.49892674665              0.03143660495964667           0.00299039333378796           
13500.0                       286.71170562577186            -349.34728317989106           1.8159567670093273            -351.1632399469004            2546.49892674665              0.035012224018577925          0.001642354321192372          
13750.0                       261.9774521216491             -349.1898907919908            1.6592964906885461            -350.84918728267934           2546.49892674665              0.03233171384115365           0.001097393826996066          
14000.0                       267.8216820069494             -349.34068531121386           1.6963123104124245            -351.0369976216263            2546.49892674665              0.03123649317775211           0.003286183846198571          
14250.0                       296.31705938930673            -349.11756673329853           1.8767945592031934            -350.9943612925017            2546.49892674665              0.034050508156310694          0.0031779505848622616         
14500.0                       318.421140042201              -349.1375887119982            2.0167960103212574            -351.15438472231943           2546.49892674665              0.029675941467584607          0.005531393263032689          
14750.0                       272.00619714843043            -349.1874843039159            1.7228159321297178            -350.9103002360456            2546.49892674665              0.035155143472325505          0.004845016749111469          
15000.0                       317.6104150295643             -348.9022312281262            2.0116610906650543            -350.9138923187912            2546.49892674665              0.03504564692383266           0.004085722383181867          
15250.0                       278.82927169676896            -348.9357120757531            1.7660314972941096            -350.7017435730472            2546.49892674665              0.033162193169651404          0.0033869035391300172         
15500.0                       330.6820185066102             -348.4788533901688            2.094453199686188             -350.573306589855             2546.49892674665              0.035280132377430974          0.0027027353187798423         
15750.0                       320.6051689792099             -348.8712338372972            2.0306290769511994            -350.9018629142484            2546.49892674665              0.029778452666124337          0.004496292273374297          
16000.0                       382.39983147187644            -348.6431054187246            2.4220202664866726            -351.0651256852113            2546.49892674665              0.036129096850868216          0.0035686926720728753         
16250.0                       296.18161290778596            -348.78814598068203           1.875936676703599             -350.6640826573856            2546.49892674665              0.03427973440514632           0.002781298132379643          
16500.0                       335.57754680665               -348.4287930488406            2.1254601923206176            -350.55425324116123           2546.49892674665              0.03335139432637811           0.004663678566015469          
16750.0                       323.536708973702              -348.6115426091859            2.0491966826202366            -350.6607392918061            2546.49892674665              0.031070723969472223          0.004371180565789546          
17000.0                       317.2776221851929             -348.63691050262906           2.009553268047804             -350.64646377067686           2546.49892674665              0.0370682534374432            0.0032112112345929773         
17250.0                       343.5301994285144             -348.65407736409566           2.175830208824928             -350.8299075729206            2546.49892674665              0.03741347217682431           0.0033313529449841665         
17500.0                       312.46739428952003            -348.9591769313616            1.9790865458086855            -350.93826347717027           2546.49892674665              0.035892365594516404          0.00362683853618339           
17750.0                       372.6998734429162             -348.60762831614755           2.3605832756810434            -350.9682115918286            2546.49892674665              0.04124587000561011           0.003636034910927161          
18000.0                       297.64134103366285            -348.8649436333971            1.885182211909057             -350.7501258453062            2546.49892674665              0.03517681175438463           0.004403375492967984          
18250.0                       324.29893293035224            -348.9471884217593            2.0540244093049025            -351.0012128310642            2546.49892674665              0.03269706262139277           0.00486468756842248           
18500.0                       296.53397793385284            -349.4561024877173            1.8781684643878407            -351.33427095210516           2546.49892674665              0.033399645044439305          0.004795509410128483          
18750.0                       210.8144990193712             -349.60001487501916           1.3352437607747836            -350.93525863579396           2546.49892674665              0.03800854968976941           0.005361330705069963          
19000.0                       269.50756780775026            -349.4720413168877            1.7069902690318233            -351.1790315859196            2546.49892674665              0.029748176875185006          0.006102350510953362          
19250.0                       311.8023385275141             -349.063788933024             1.9748742569911877            -351.0386631900152            2546.49892674665              0.035721212458827624          0.00747975570071453           
19500.0                       257.69035329186397            -349.1758711880407            1.6321431307871976            -350.8080143188279            2546.49892674665              0.034145697238396645          0.004541568035481626          
19750.0                       350.2511699852193             -348.9009534970632            2.218399074078198             -351.1193525711414            2546.49892674665              0.03235255632277691           0.003956075483008566          
20000.0                       311.6483570687737             -348.83176821016303           1.9738989788057948            -350.8056671889688            2546.49892674665              0.031243306878132707          0.0025589330761387505         
20250.0                       275.25960257266604            -349.00415324510016           1.7434221490369444            -350.7475753941371            2546.49892674665              0.033251218500527466          0.0032306637853954157         
20500.0                       283.74110009720357            -349.2436799267231            1.7971417304905184            -351.0408216572136            2546.49892674665              0.03310776785816146           0.00403091317871762           
20750.0                       292.8286956104921             -349.2747443631473            1.8547001776846481            -351.12944454083197           2546.49892674665              0.029539848551284744          0.003933442150265385          
21000.0                       312.37243605578453            -349.13216595912144           1.9784851052544574            -351.1106510643759            2546.49892674665              0.030671117135068166          0.004098846763639286          
21250.0                       301.38361675077135            -349.17649515920897           1.9088848050685008            -351.0853799642775            2546.49892674665              0.034968329431950586          0.0039569934260908655         
21500.0                       298.0028560399607             -349.27426906866674           1.8874719531689372            -351.16174102183567           2546.49892674665              0.02692882991413568           0.005348727924685266          
21750.0                       257.6703675598996             -349.67934133057565           1.632016546401237             -351.3113578769769            2546.49892674665              0.039377943356441986          0.004816823555427947          
22000.0                       288.5470214693589             -349.5249219684456            1.8275811763388563            -351.35250314478446           2546.49892674665              0.03464475062347707           0.005327603656556964          
22250.0                       256.3948827771524             -349.4646171291541            1.6239379602221626            -351.08855508937626           2546.49892674665              0.03117373874946017           0.006160385679640512          
22500.0                       269.022825188284              -348.9576334871042            1.7039200363806788            -350.6615535234849            2546.49892674665              0.035185437594375674          0.006978712281216318          
22750.0                       305.6398104221389             -348.72860428462843           1.935842419799831             -350.66444670442826           2546.49892674665              0.02725220368997062           0.005150964590401647          
23000.0                       340.299134281067              -348.72656971232385           2.1553654893732093            -350.88193520169705           2546.49892674665              0.03170461801718989           0.0027236939542233138         
23250.0                       329.9116754187573             -348.6404294556156            2.089574048553338             -350.73000350416896           2546.49892674665              0.03910038355692453           0.0024444443130356114         
23500.0                       297.3167037537489             -348.92040648796586           1.8831260444986733            -350.80353253246454           2546.49892674665              0.030013647876871562          0.0035441082085374935         
23750.0                       357.64994965503604            -348.92842898667215           2.265261004530915             -351.1936899912031            2546.49892674665              0.03648878579495767           0.00281418947351181           
24000.0                       300.97144460529154            -348.85635809494477           1.9062742147714524            -350.7626323097162            2546.49892674665              0.03197618767571187           0.002725650634339282          
24250.0                       296.38318576274224            -349.03989342027194           1.877213386314057             -350.917106806586             2546.49892674665              0.034547189100985094          0.004060927773128235          
24500.0                       308.0072657172618             -348.77909118168446           1.9508372608872822            -350.72992844257175           2546.49892674665              0.03556397060772455           0.003625417573877321          
24750.0                       297.355645378906              -348.6441716670189            1.8833726905418404            -350.5275443575607            2546.49892674665              0.033012047574764135          0.005283445524907965          
25000.0                       292.1884770452888             -348.36964640878347           1.8506452011593315            -350.2202916099428            2546.49892674665              0.03847015980199986           0.004155280414530159          
25250.0                       334.8021089077718             -348.77105473333853           2.1205487719906038            -350.89160350532916           2546.49892674665              0.03169353328510249           0.005316227315736818          
25500.0                       336.8048803465782             -348.8209358107257            2.1332338011530356            -350.95416961187874           2546.49892674665              0.04089813002160393           0.003917313344993224          
25750.0                       312.4486956738104             -349.03283966252263           1.978968113679598             -351.0118077762022            2546.49892674665              0.03158639624549945           0.00397895010757707           
26000.0                       275.5209144255743             -349.0740711755702            1.7450772297967367            -350.81914840536695           2546.49892674665              0.03503661960283413           0.0036243714493250576         
26250.0                       331.04973121716563            -348.9227722040995            2.096782195579785             -351.0195543996793            2546.49892674665              0.03582071406082487           0.003979144579767622          
26500.0                       320.163449654004              -348.7183097321958            2.0278313425651               -350.7461410747609            2546.49892674665              0.034286867081361465          0.005048963462227638          
26750.0                       273.90027785030543            -348.84653034292086           1.7348125426633705            -350.5813428855842            2546.49892674665              0.031246630219688265          0.0035282385531366423         
27000.0                       261.3010697053271             -349.2069090537244            1.6550124618124833            -350.8619215155369            2546.49892674665              0.03147820960551362           0.003057078581002176          
27250.0                       280.46670569701746            -349.35014432730185           1.776402574912976             -351.12654690221484           2546.49892674665              0.03240924515714252           0.004570506478588535          
27500.0                       259.77537367499417            -349.54124850182455           1.6453491031971266            -351.1865976050217            2546.49892674665              0.032181071007220945          0.003608282852998974          
27750.0                       310.86632423814336            -349.1796053117959            1.968945787907268             -351.1485510997032            2546.49892674665              0.03673729020165877           0.0032590635250816027         
28000.0                       346.2566764824845             -348.7447348630512            2.193098999596642             -350.93783386264784           2546.49892674665              0.033441262397213234          0.004865511693075668          
28250.0                       276.40550622307796            -349.0093103687353            1.7506800023002578            -350.7599903710356            2546.49892674665              0.04291829045341459           0.005214780090832079          
28500.0                       322.3615007150229             -348.83758995705665           2.0417532216518897            -350.87934317870855           2546.49892674665              0.026462744130570617          0.006551499614762829          
28750.0                       387.29906345210986            -348.60983419418216           2.4530507172603353            -351.0628849114425            2546.49892674665              0.02623382213658646           0.004150837396757734          
29000.0                       253.9465418112016             -348.9281845214822            1.608430810504084             -350.5366153319863            2546.49892674665              0.033514787278226224          0.003556027793099083          
29250.0                       282.60114007420145            -349.03605678077497           1.7899215226047864            -350.82597830337977           2546.49892674665              0.031140121723485622          0.0010185607846287777         
29500.0                       299.02840931638997            -349.4039154478846            1.893967538719571             -351.2978829866041            2546.49892674665              0.03274668267898153           0.001498883592625347          
29750.0                       286.39715759336303            -349.574758521415             1.8139645022472186            -351.38872302366224           2546.49892674665              0.03487893183379335           0.0027473341912998216         
30000.0                       247.8048066827364             -349.33731247388397           1.5695306705765124            -350.9068431444605            2546.49892674665              0.031392908035708086          0.005764234707259716          
