CMo16S32_1a7c0a
time                          T                             E_tot                         E_kin                         E_pot                         V                             MSD                           P_internal                    
0                             300.0000000000001             -344.5488650306413            1.900121339356396             -346.4489863699977            2546.49892674665              0.0                           0.01747126941817931           
250.0                         329.2545557076169             -348.4242535258233            2.085412024601173             -350.5096655504245            2546.49892674665              0.02306189760379667           0.007016873904503627          
500.0                         337.76454141032383            -348.54129233245806           2.1393120427056105            -350.6806043751637            2546.49892674665              0.02235175956770144           0.002920841620993327          
750.0                         288.0160191898836             -348.8284523374347            1.8242179471305964            -350.6526702845653            2546.49892674665              0.023167703248494455          0.0051609195879513525         
1000.0                        317.0792816099757             -348.41221567287994           2.008297030849702             -350.4205127037296            2546.49892674665              0.027594826270212057          0.008104640993076869          
1250.0                        349.0101273579837             -348.4929393069895            2.2105386354813272            -350.70347794247084           2546.49892674665              0.02343858838990023           0.007827278270535283          
1500.0                        316.5654126896822             -348.37423082321095           2.0050423198460967            -350.37927314305705           2546.49892674665              0.024074545314781808          0.00608280144972896           
1750.0                        255.93135507871273            -348.881333284832             1.6210020973182027            -350.5023353821502            2546.49892674665              0.022056939846313347          0.004705897750493903          
2000.0                        304.0026241261334             -348.49753713109556           1.9254729110746915            -350.42301004217023           2546.49892674665              0.019769565233079107          0.0056792951523902705         
2250.0                        308.1451450524964             -348.32433826536544           1.9517105524444005            -350.27604881780985           2546.49892674665              0.02196267619773767           0.004568085927172982          
2500.0                        255.57590264847656            -348.58583119903915           1.6187507548254767            -350.20458195386465           2546.49892674665              0.02115965241240468           0.0059577249466024424         
2750.0                        295.03466460544547            -348.7680167534098            1.86867220688888              -350.6366889602987            2546.49892674665              0.0224532359583751            0.006262618288849906          
3000.0                        253.96296965428763            -348.8562284427914            1.6085348601547753            -350.46476330294615           2546.49892674665              0.023870210757119686          0.005540985701251774          
3250.0                        289.4100595050857             -348.591755648656             1.833047432966725             -350.4248030816227            2546.49892674665              0.026820106204093697          0.004165234822827564          
3500.0                        275.1898313811559             -349.19493138901566           1.7429802366040752            -350.93791162561973           2546.49892674665              0.023518364664738497          0.0061507248076928455         
3750.0                        294.23437796990135            -348.6542228540665            1.8636034011762161            -350.5178262552427            2546.49892674665              0.021794464915653365          0.004113534902433298          
4000.0                        310.48742203063864            -348.44842239846616           1.9665459206739049            -350.4149683191401            2546.49892674665              0.022493659593546222          0.004641629545083398          
4250.0                        288.3719389320906             -348.48313244734186           1.8264722494548153            -350.30960469679667           2546.49892674665              0.02223459468093241           0.0036560394419100054         
4500.0                        265.9670844404575             -348.4319927515973            1.6845657757057253            -350.116558527303             2546.49892674665              0.02044098837658399           0.006888827320635611          
4750.0                        349.72829240219363            -348.1390597317096            2.2150873045669375            -350.3541470362766            2546.49892674665              0.024713043442294292          0.005376074904429436          
5000.0                        305.3038875435547             -348.8888301608156            1.9337147723665784            -350.82254493318214           2546.49892674665              0.020249621044050203          0.007683280505471324          
5250.0                        280.4999684654307             -348.63507241743724           1.7766132525665361            -350.4116856700038            2546.49892674665              0.022503392529640953          0.006026639702763099          
5500.0                        315.55090584115936            -348.6189997863814            1.9986166994734251            -350.6176164858548            2546.49892674665              0.02050627015778049           0.005618436165954034          
5750.0                        269.3241321898907             -348.8301653998952            1.7058284359255134            -350.5359938358207            2546.49892674665              0.020234252266245038          0.005536172408330473          
6000.0                        317.51601722511964            -348.6509079859551            2.011063199723009             -350.6619711856781            2546.49892674665              0.022495053147159796          0.006873795505900018          
6250.0                        320.6909956843828             -348.52787723768324           2.0311726807978183            -350.55904991848104           2546.49892674665              0.023681420418951833          0.005404990460652054          
6500.0                        325.69832453584587            -348.52406335775686           2.062887788810618             -350.58695114656746           2546.49892674665              0.02247611221900848           0.007363899348400639          
6750.0                        300.83479958696086            -348.07229214226106           1.9054087410539626            -349.97770088331504           2546.49892674665              0.018444859415381328          0.007220875624017044          
7000.0                        404.15442733987504            -347.6406737476915            2.559808172612868             -350.20048192030436           2546.49892674665              0.02160163454762567           0.005465046905157298          
7250.0                        328.25744062524666            -348.1506957744726            2.0790965591151536            -350.22979233358774           2546.49892674665              0.023464636810008866          0.0038873040746231426         
7500.0                        357.34611786712696            -347.92432975448895           2.2633366136516453            -350.1876663681406            2546.49892674665              0.021090563206378567          0.003384336497434743          
7750.0                        270.84608384215306            -348.87009472531525           1.7154680786319547            -350.5855628039472            2546.49892674665              0.023930353581427293          0.0059814005269984765         
8000.0                        292.52036445225724            -348.6219790856388            1.8527472889734797            -350.4747263746123            2546.49892674665              0.02343258374722967           0.00692275657770063           
8250.0                        308.13816899287673            -348.17995360928876           1.9516663679119075            -350.13161997720067           2546.49892674665              0.024428720101354676          0.005201016529126116          
8500.0                        291.182424165585              -348.8659380940395            1.8442731260085112            -350.710211220048             2546.49892674665              0.02091142962379092           0.004359613207950504          
8750.0                        324.5678857671638             -348.47915827283356           2.0557278860532557            -350.5348861588868            2546.49892674665              0.02012335598135462           0.003939196281615665          
9000.0                        257.4384605294405             -349.15163519991984           1.6305477080768298            -350.7821829079967            2546.49892674665              0.023987427249736806          0.005881497326606603          
9250.0                        289.01161210686047            -348.61298591108897           1.830523771620129             -350.4435096827091            2546.49892674665              0.0196269918581749            0.005860856071187799          
9500.0                        299.9107966217359             -348.7029019044331            1.899556348547788             -350.60245825298085           2546.49892674665              0.02492910172606631           0.004268435219181701          
9750.0                        276.00016667618104            -349.0327997059847            1.7481126878911117            -350.78091239387584           2546.49892674665              0.022461830757916884          0.004040296132733792          
10000.0                       219.4066101383952             -349.03314172992566           1.389663939732713             -350.4228056696584            2546.49892674665              0.019612008133655517          0.00677608238193081           
10250.0                       283.80475400579655            -349.04578811132257           1.797544897657355             -350.8433330089799            2546.49892674665              0.022127839786300986          0.005702857611768364          
10500.0                       254.6146287791955             -348.70698563408905           1.6126622981855212            -350.31964793227456           2546.49892674665              0.022300528972620918          0.003634725235691468          
10750.0                       227.75467024994006            -348.90469222056754           1.4425383635999676            -350.3472305841675            2546.49892674665              0.023938833236345693          0.006432029030732019          
11000.0                       287.031143935311              -348.4949906577763            1.8179800055045379            -350.31297066328085           2546.49892674665              0.02343262107816751           0.007174344000501273          
11250.0                       259.1658138825613             -348.78262103485963           1.641488311299742             -350.42410934615936           2546.49892674665              0.02190598177029453           0.005268126410210285          
11500.0                       372.93892776592253            -348.39854068962273           2.362097383082409             -350.76063807270515           2546.49892674665              0.02240017207795557           0.006580207554564941          
11750.0                       317.74337088654147            -348.02540376424497           2.012503198201837             -350.0379069624468            2546.49892674665              0.024171210692160737          0.00552888021890378           
12000.0                       278.558882967901              -348.7696968902809            1.764318925981965             -350.53401581626287           2546.49892674665              0.02230923775445829           0.006935866982555973          
12250.0                       272.12686753964044            -349.18642059884314           1.7235802267476066            -350.91000082559077           2546.49892674665              0.021661692084320994          0.004935639894260526          
12500.0                       271.9345508669585             -349.01065391062394           1.722362143368683             -350.7330160539926            2546.49892674665              0.024263250269330086          0.0063835797774497655         
12750.0                       280.57353341569944            -348.8649021685136            1.7770791936726504            -350.64198136218624           2546.49892674665              0.02555116712920109           0.005775740139361584          
13000.0                       302.78511040625557            -348.50669624773485           1.9177614984076947            -350.42445774614254           2546.49892674665              0.025358341789135985          0.007793443318840088          
13250.0                       264.61261008335356            -348.812209738839             1.6759868902739112            -350.4881966291129            2546.49892674665              0.02342823020982854           0.004612003277016598          
13500.0                       258.55493047982054            -348.7786474261407            1.637619136001721             -350.4162665621424            2546.49892674665              0.02287202267893354           0.005737015665084746          
13750.0                       327.58158593228666            -348.55932947466977           2.0748158727004955            -350.63414534737024           2546.49892674665              0.020378471580758565          0.004824697104925992          
14000.0                       300.29749801186773            -348.5636097668284            1.9020056137589485            -350.46561538058734           2546.49892674665              0.023007953638335302          0.005260437490642967          
14250.0                       290.6715559704755             -348.7031390523839            1.8410374208114242            -350.5441764731953            2546.49892674665              0.021630574267045226          0.006425656595082656          
14500.0                       275.8083987076819             -348.71709970528997           1.7468980798606106            -350.4639977851506            2546.49892674665              0.022250427406450675          0.0048354944675247325         
14750.0                       315.285738982491              -348.250133490572             1.996937202117939             -350.24707069268993           2546.49892674665              0.028671422385881728          0.00695205032137769           
15000.0                       255.74771610395956            -348.9791704785682            1.6198389762026493            -350.59900945477085           2546.49892674665              0.0207521339476992            0.007569833836232443          
15250.0                       334.8394321361192             -348.4483884321638            2.1207851675327256            -350.56917359969657           2546.49892674665              0.0200221697858999            0.00621472069578012           
15500.0                       390.274297566338              -347.8448131177533            2.4718950700270885            -350.31670818778036           2546.49892674665              0.022328239640414034          0.005667948289825715          
15750.0                       307.44018346617077            -348.1375130634407            1.9472455105990545            -350.0847585740397            2546.49892674665              0.02416048486439714           0.005134923863060882          
16000.0                       273.44905377483263            -348.72031127406615           1.7319546076812464            -350.4522658817474            2546.49892674665              0.022985531154551923          0.004487344199736556          
16250.0                       313.12714115603717            -348.48184892818904           1.9832652094741612            -350.4651141376632            2546.49892674665              0.022855222627250156          0.004933096909996551          
16500.0                       211.7575299750648             -349.3466031139761            1.3412166715834073            -350.6878197855595            2546.49892674665              0.022594839711896315          0.006253422899158814          
16750.0                       334.0828179677263             -348.65447972387847           2.115992971775983             -350.77047269565446           2546.49892674665              0.022773642079078147          0.006703154316660434          
17000.0                       277.5191744509386             -348.64699853635693           1.7577336848493283            -350.40473222120625           2546.49892674665              0.020341185177094854          0.00654884054391262           
17250.0                       265.39666840249686            -348.87812596211967           1.6809529100855916            -350.55907887220525           2546.49892674665              0.020489987457521102          0.007122843208001506          
17500.0                       280.84548002963214            -348.80772761178196           1.7788016322203146            -350.5865292440023            2546.49892674665              0.02115402765263024           0.005806798220384262          
17750.0                       302.7018021329201             -348.76467826018404           1.9172338456479956            -350.68191210583205           2546.49892674665              0.019543637149157325          0.003536453670591489          
18000.0                       307.30268797795736            -348.3572869870304            1.9463746502283226            -350.30366163725876           2546.49892674665              0.025187314130247312          0.005649425219391339          
18250.0                       359.808071564158              -348.61908138863214           2.2789299828390988            -350.8980113714712            2546.49892674665              0.021464122255868277          0.005469069753044076          
18500.0                       241.07369362266314            -348.8287887687935            1.5268975653662933            -350.3556863341598            2546.49892674665              0.017566385749184718          0.005171291176747028          
18750.0                       294.9847094761764             -348.6889110197785            1.8683558041984316            -350.55726682397693           2546.49892674665              0.024740849695644655          0.004254992428654199          
19000.0                       287.45852442225333            -348.5437868398085            1.8206869214487502            -350.3644737612572            2546.49892674665              0.021830364257911617          0.004323669078782518          
19250.0                       306.8837968257898             -348.6433399688938            1.9437215035046518            -350.5870614723985            2546.49892674665              0.021536582645907593          0.004295973784701192          
19500.0                       317.25119012747774            -348.74366034899685           2.009385854324778             -350.7530462033216            2546.49892674665              0.01937996003845887           0.0035306898511114726         
19750.0                       291.57173612549997            -348.8528842250424            1.8467389258841818            -350.6996231509265            2546.49892674665              0.02130746010903853           0.004491187954789807          
20000.0                       310.02083005876074            -348.27595514024057           1.9635906494654463            -350.239545789706             2546.49892674665              0.019905098637209854          0.00682142456245602           
20250.0                       311.40940786527887            -349.0131458978056            1.9723855372038523            -350.9855314350095            2546.49892674665              0.02540530789679216           0.004679760556328357          
20500.0                       322.62116411435187            -348.2560884850121            2.043397861538939             -350.2994863465511            2546.49892674665              0.022453674170349654          0.006256464933080463          
20750.0                       291.19963778895595            -348.6611975519679            1.844382152585494             -350.5055797045534            2546.49892674665              0.02725461558329882           0.004638415671225047          
21000.0                       322.17132171594886            -348.39243857635887           2.0405486777370965            -350.43298725409596           2546.49892674665              0.023193153680080365          0.006601115928088381          
21250.0                       318.46646942312515            -348.5973266492412            2.0170831147345702            -350.6144097639758            2546.49892674665              0.020979776085673887          0.0038529999396908713         
21500.0                       294.70049971067624            -348.428571016047             1.8665556940641637            -350.29512671011116           2546.49892674665              0.018674262497059117          0.005035720651956474          
21750.0                       355.77771745474274            -347.67323622815644           2.2534027766775564            -349.926639004834             2546.49892674665              0.029272047004171395          0.0037897694107381103         
22000.0                       318.5681648185555             -348.25616485380795           2.017727226704475             -350.27389208051244           2546.49892674665              0.022692458848933318          0.004883478665335315          
22250.0                       277.2047255051277             -348.5525430736457            1.7557420476757506            -350.3082851213215            2546.49892674665              0.022753889698002197          0.00627336421813077           
22500.0                       320.4381485965654             -348.8795508877353            2.0295712136406316            -350.90912210137594           2546.49892674665              0.01942066950791889           0.005044541826138271          
22750.0                       276.18918105849406            -348.121993455355             1.7493098554287057            -349.8713033107837            2546.49892674665              0.023438015424191713          0.005175522849087354          
23000.0                       315.4347763248851             -348.3290160349481            1.997881165566752             -350.32689720051485           2546.49892674665              0.029141998430696595          0.006649555203193822          
23250.0                       328.22489365095066            -348.2137719291773            2.0788904151138494            -350.29266234429116           2546.49892674665              0.024649097704676284          0.006797536947398863          
23500.0                       276.0348391559688             -348.735406434605             1.7483322942868889            -350.4837387288919            2546.49892674665              0.022792722639453346          0.006617368231011115          
23750.0                       362.02031749724415            -348.2838078169879            2.2929417685236366            -350.57674958551155           2546.49892674665              0.022159912829940665          0.004346099217984751          
24000.0                       304.88036461590247            -348.5244665518855            1.9310322891914493            -350.4554988410769            2546.49892674665              0.022263116295294816          0.0038638479106154534         
24250.0                       276.3011419240321             -349.2976167929362            1.7500189861946445            -351.0476357791308            2546.49892674665              0.021461206693031507          0.005027899331427548          
24500.0                       306.5495007276689             -348.63660940444004           1.9416041596723081            -350.57821356411233           2546.49892674665              0.022644496529513728          0.004237114932268258          
24750.0                       316.06893717918604            -348.5368589837907            2.001897774139558             -350.53875675793023           2546.49892674665              0.026697103933341914          0.0034987265114514096         
25000.0                       311.03710156283034            -348.42260699029765           1.9700274467036547            -350.39263443700133           2546.49892674665              0.022359733772820422          0.007427470145149614          
25250.0                       425.00842243430526            -347.6960644602949            2.691891909578736             -350.3879563698736            2546.49892674665              0.024242524596750498          0.007400721704078391          
25500.0                       342.8885341280458             -348.6046571993177            2.1717660690577785            -350.7764232683755            2546.49892674665              0.022031009891029702          0.006982528380827069          
25750.0                       303.1922445832527             -348.64155247577645           1.92034017953334              -350.5618926553098            2546.49892674665              0.022588942133062916          0.004987878475348022          
26000.0                       287.5099523386557             -348.83543719014              1.821012652386733             -350.65644984252674           2546.49892674665              0.020703843634973865          0.0031707788958484106         
26250.0                       322.4121660953472             -348.51876730957537           2.042074122886292             -350.56084143246164           2546.49892674665              0.02295438799640821           0.004262106478838338          
26500.0                       383.3167300015793             -348.03455224135644           2.4278276613610488            -350.4623799027175            2546.49892674665              0.02271825362014826           0.006857241042527651          
26750.0                       361.61131721389273            -348.2230376503531            2.2903512679696405            -350.51338891832273           2546.49892674665              0.022732607790532957          0.006985927180484737          
27000.0                       333.5927912072692             -348.1947197510023            2.1128892707613156            -350.30760902176365           2546.49892674665              0.020109816437478552          0.0048610189129879725         
27250.0                       311.9083088196724             -348.62373491707723           1.9755454450360805            -350.5992803621133            2546.49892674665              0.01950961404640189           0.00526241427836371           
27500.0                       351.6000982671757             -348.31739431650476           2.2269428321242204            -350.544337148629             2546.49892674665              0.023995923108047323          0.005164750056392775          
27750.0                       281.9672484825612             -348.37311441288              1.7859066194710727            -350.15902103235106           2546.49892674665              0.020234947639487407          0.007001474616531234          
28000.0                       301.89799751737127            -348.7259285048975            1.912142757972404             -350.6380712628699            2546.49892674665              0.021014079737119683          0.0036663267091889998         
28250.0                       281.8029567868591             -348.7821661258051            1.7848660389481303            -350.5670321647532            2546.49892674665              0.024716690422749536          0.005630838069352512          
28500.0                       304.1136888654274             -348.80172278247704           1.9261763660119664            -350.72789914848903           2546.49892674665              0.024383708206915142          0.004513879630302681          
28750.0                       256.8484214141369             -348.8123455771635            1.626810555030019             -350.43915613219355           2546.49892674665              0.02345657579419228           0.0049137982918555185         
29000.0                       296.4385600061277             -348.6844428141432            1.8775641122524154            -350.5620069263956            2546.49892674665              0.02360836964565859           0.0038267738247266653         
29250.0                       304.1096926890685             -348.3574506613546            1.9261510552787153            -350.2836017166333            2546.49892674665              0.025744796525306785          0.0021006875725361083         
29500.0                       309.4163006310411             -348.0093499865153            1.959761718579183             -349.96911170509446           2546.49892674665              0.02228257360756143           0.00535696588498806           
29750.0                       277.04586637609526            -348.93936819145665           1.7547358756056635            -350.6941040670623            2546.49892674665              0.022791544764372153          0.0029487735371764557         
30000.0                       343.8100153490836             -348.3524292813326            2.1776024894974784            -350.5300317708301            2546.49892674665              0.024438619496904648          0.003283784376688178          
