CMo16S32_fd3238
time                          T                             E_tot                         E_kin                         E_pot                         V                             MSD                           P_internal                    
0                             299.99999999999994            -344.5488650306413            1.900121339356395             -346.4489863699977            2546.49892674665              0.0                           0.017471269418179298          
250.0                         251.53714005589552            -348.35113399206176           1.5931702915362846            -349.94430428359806           2546.49892674665              0.005368496478666892          0.01018399052807154           
500.0                         280.3449448586218             -348.1128790401046            1.7756313736885305            -349.88851041379314           2546.49892674665              0.007280599715800885          0.008902992136892504          
750.0                         301.8325328838641             -348.2922558085654            1.911728122148737             -350.2039839307142            2546.49892674665              0.006170936973852631          0.00622854239961746           
1000.0                        325.4132424479877             -347.8586196275146            2.0610821536152595            -349.91970178112985           2546.49892674665              0.006652712942724004          0.010209101636776437          
1250.0                        337.06937928249243            -348.0260870155889            2.134909068060928             -350.1609960836499            2546.49892674665              0.005792224412107585          0.00832186502967081           
1500.0                        255.95293914691015            -348.5377448679472            1.6211388051467763            -350.15888367309395           2546.49892674665              0.005754966687832454          0.008001771987382144          
1750.0                        287.99069138385534            -348.35990983619627           1.8240575274482183            -350.1839673636445            2546.49892674665              0.004916680923361856          0.009415671755765104          
2000.0                        265.2937147709567             -348.2835340528201            1.6803008287780792            -349.96383488159813           2546.49892674665              0.006013661584683957          0.010158206466274028          
2250.0                        314.2268464223491             -347.95818252590186           1.990230454285901             -349.94841298018775           2546.49892674665              0.008188165939386947          0.007171631348406219          
2500.0                        263.1787941581375             -348.22554078685533           1.6669054761532045            -349.89244626300854           2546.49892674665              0.005835995232934989          0.010395615770670387          
2750.0                        282.94220819910373            -348.081285842891             1.7920817586791236            -349.8733676015701            2546.49892674665              0.007311122722972317          0.010588592750483945          
3000.0                        295.2288190951682             -348.1128946569046            1.8699019305190598            -349.98279658742365           2546.49892674665              0.0069637070518084754         0.009769701232716718          
3250.0                        320.01686583660796            -347.91432486531295           2.0269029191003045            -349.94122778441323           2546.49892674665              0.007383931013729648          0.008735600827906824          
3500.0                        352.71438409451116            -347.9292518200808            2.234000426386429             -350.16325224646727           2546.49892674665              0.008230952778159294          0.008394952918999282          
3750.0                        339.88735225704676            -348.10887250316733           2.1527573700031954            -350.26162987317053           2546.49892674665              0.005881065786423573          0.0070470348956747884         
4000.0                        269.07636309989056            -348.96252790993236           1.7042591314750393            -350.6667870414074            2546.49892674665              0.004746314006987234          0.007567505067137225          
4250.0                        303.8230292781102             -348.3101310555763            1.924335404397467             -350.23446645997376           2546.49892674665              0.006170283815095893          0.007982153559774411          
4500.0                        262.9848476009094             -348.29957429120134           1.665677069512925             -349.96525136071426           2546.49892674665              0.007623419998626824          0.008652552578819252          
4750.0                        299.2623946692505             -348.2063245353115            1.8954495405931282            -350.10177407590464           2546.49892674665              0.006351321334236887          0.008481495458898394          
5000.0                        320.03478797893155            -348.1806095083888            2.0270164332505582            -350.2076259416393            2546.49892674665              0.006437602065852341          0.008429195975053353          
5250.0                        305.8913431096208             -348.1002073041233            1.937435561889931             -350.0376428660132            2546.49892674665              0.007614851735869466          0.008384375156453119          
5500.0                        262.8179801709002             -348.5940131147025            1.6646201749642449            -350.2586332896667            2546.49892674665              0.006630781581675163          0.008293598657975087          
5750.0                        295.970062389607              -348.0546436525368            1.874596771190453             -349.92924042372726           2546.49892674665              0.007659026160348557          0.0073153206655589735         
6000.0                        340.17914626495985            -347.98136888365667           2.154605516740302             -350.13597440039695           2546.49892674665              0.00895631642794005           0.007895988650849456          
6250.0                        306.24370163274205            -348.2536167750808            1.9396673083862206            -350.193284083467             2546.49892674665              0.006578880927566273          0.007277087441145874          
6500.0                        290.5541854948778             -348.2068170376922            1.840294026993779             -350.04711106468596           2546.49892674665              0.007017110263398109          0.0073864265888215035         
6750.0                        301.2147752656541             -348.1966222500483            1.9078154073723679            -350.10443765742065           2546.49892674665              0.007346689711314411          0.010241250327427762          
7000.0                        276.2837701001733             -348.3580915532105            1.7499089576172524            -350.10800051082776           2546.49892674665              0.008819811747294166          0.008726692546544122          
7250.0                        302.0893957547736             -348.32982359337007           1.913355024223082             -350.2431786175932            2546.49892674665              0.0167069445231585            0.005484542760938891          
7500.0                        278.9940670216081             -348.4325353029162            1.767075267671953             -350.19961057058816           2546.49892674665              0.016570570404940567          0.007223488353378739          
7750.0                        329.32581931135167            -347.794792898711             2.085863389581759             -349.88065628829276           2546.49892674665              0.015661390271571134          0.006843592962650929          
8000.0                        261.7844672650656             -349.4771857698237            1.6580741752079895            -351.1352599450317            2546.49892674665              0.025350373204171113          0.002713446383305982          
8250.0                        307.22500610853575            -349.21483136424064           1.945882633635759             -351.16071399787637           2546.49892674665              0.026188038957743635          0.0032570157733136985         
8500.0                        289.56032974918963            -349.130313325255             1.833999205291699             -350.9643125305467            2546.49892674665              0.027767962654290698          0.004609895705304522          
8750.0                        249.58885576260892            -349.1741246135524            1.5808303696669288            -350.75495498321936           2546.49892674665              0.027193493901613738          0.0047478977057923725         
9000.0                        357.0644715487806             -348.44946525450234           2.2615527397195083            -350.71101799422183           2546.49892674665              0.02957958443867057           0.005856585337031989          
9250.0                        229.95857060424547            -349.58125609006095           1.456497290576737             -351.0377533806377            2546.49892674665              0.034792217574869985          0.0056051821398274805         
9500.0                        316.780338725928              -348.71573729120155           2.0064036050056098            -350.7221408962072            2546.49892674665              0.03882254775910152           0.005918863631722504          
9750.0                        356.0766970705152             -348.77249840312504           2.2552964351707625            -351.0277948382958            2546.49892674665              0.03159936371087232           0.004471814111453779          
10000.0                       282.2038277653281             -349.36547665636715           1.7874050506165227            -351.1528817069837            2546.49892674665              0.02794073633351582           0.005344191997616542          
10250.0                       281.16028779160195            -349.1924482500755            1.780795542041361             -350.9732437921168            2546.49892674665              0.03770436667710787           0.005108585215926406          
10500.0                       334.082266538075              -349.20626179033326           2.1159894791651577            -351.3222512694984            2546.49892674665              0.03228357929309776           0.003710053707481607          
10750.0                       295.7538424186298             -349.20894918675646           1.873227290587624             -351.0821764773441            2546.49892674665              0.03864845186994053           0.003933305444909154          
11000.0                       307.04177974577453            -349.4707158131955            1.944722125896375             -351.4154379390919            2546.49892674665              0.03151949388852865           0.0028461875866679903         
11250.0                       325.2433719407119             -348.79859956043066           2.0600062383625857            -350.85860579879323           2546.49892674665              0.03752775523311152           0.004223252987997444          
11500.0                       312.92679790971243            -348.56798261668604           1.9819962878823694            -350.54997890456843           2546.49892674665              0.03871472291308045           0.0015031548688961265         
11750.0                       315.27941429491386            -348.9372087935041            1.9968971432051719            -350.9341059367093            2546.49892674665              0.03584625212783088           0.005965344774666546          
12000.0                       305.53400792365426            -349.5709156218714            1.9351722945160714            -351.50608791638746           2546.49892674665              0.03247075477093597           0.0026026763324843924         
12250.0                       296.60213973248347            -349.2291474284196            1.8786001833481973            -351.10774761176776           2546.49892674665              0.03317062939869257           0.0031874102211853004         
12500.0                       300.2656549078829             -349.2871941154593            1.9018039278876386            -351.1889980433469            2546.49892674665              0.029814533011651934          0.004064412328907943          
