CMo16S32_47b15e
time                          T                             E_tot                         E_kin                         E_pot                         V                             MSD                           P_internal                    
0                             300.00000000000006            -344.54886503064125           1.9001213393563958            -346.44898636999767           2546.49892674665              0.0                           0.017471269418179333          
250.0                         521.2382156768964             -345.21631248299144           3.3013861883190736            -348.51769867131054           2546.49892674665              0.02353396848074912           0.00419721275128425           
500.0                         574.0357184076097             -345.3954722848305            3.6357917269969264            -349.0312640118274            2546.49892674665              0.07378192459214171           0.00026458756012633897        
750.0                         505.8707021778607             -345.64145048332045           3.2040523872111897            -348.8455028705316            2546.49892674665              0.0898342021849075            0.002560832256018169          
1000.0                        458.1832380273687             -346.0100572795736            2.90201249303738              -348.91206977261095           2546.49892674665              0.11364014734515261           0.004989239725854587          
1250.0                        514.948436368508              -346.1070267786116            3.2615483753733705            -349.368575153985             2546.49892674665              0.11091011243506692           0.005516977564213822          
1500.0                        423.12530815841416            -346.63209829544667           2.679964757511845             -349.31206305295854           2546.49892674665              0.12398657189396639           0.005109439725025628          
1750.0                        422.4420215620638             -347.04639145991115           2.675636999369773             -349.7220284592809            2546.49892674665              0.12166312558206371           0.004568450793760933          
2000.0                        444.3014171331582             -347.0826269219593            2.8140886793366704            -349.89671560129597           2546.49892674665              0.11336464106607508           0.0038262257150985714         
2250.0                        358.42074312185196            -347.50603401242614           2.270143008246026             -349.77617702067215           2546.49892674665              0.11500966275694227           0.004684992116520519          
2500.0                        378.7256783385047             -347.57364068308414           2.3987491439107296            -349.97238982699486           2546.49892674665              0.10527862154220757           0.004528589936339004          
2750.0                        376.2585266398436             -347.62020901458254           2.3831228519438783            -350.0033318665264            2546.49892674665              0.11353375045450807           0.004516360813987575          
3000.0                        375.50295983959114            -347.61276063096676           2.3783372899423156            -349.99109792090906           2546.49892674665              0.11210184661128844           0.007044935080701945          
3250.0                        410.7803228995803             -347.5173557195814            2.6017748577640103            -350.1191305773454            2546.49892674665              0.11155632893367867           0.006740452083513705          
3500.0                        380.064972749726              -347.45114518569176           2.4072318835455375            -349.8583770692373            2546.49892674665              0.11587548852989979           0.006547045420080532          
3750.0                        462.8171163240929             -347.60223861957144           2.931362263156                -350.53360088272746           2546.49892674665              0.1140384941972438            0.005885152060858427          
4000.0                        355.9844058948036             -347.45957547666455           2.25471188706275              -349.7142873637273            2546.49892674665              0.11327646596641075           0.0067189111536925875         
4250.0                        396.5332664063151             -347.70185347071225           2.5115377375444456            -350.2133912082567            2546.49892674665              0.10607388349244383           0.007799541723016124          
4500.0                        389.86213430286983            -347.6393623361834            2.469284535986373             -350.1086468721698            2546.49892674665              0.10308548616172092           0.00714586539021671           
4750.0                        333.6468661233699             -347.604851095139             2.1132317671013383            -349.71808286224035           2546.49892674665              0.11590972358486337           0.004161320352850981          
5000.0                        335.12833143653813            -347.924235379426             2.1226149799515626            -350.0468503593776            2546.49892674665              0.08815379071732761           0.0019093563707983316         
5250.0                        317.5491307337458             -348.0719313785918            2.0112729320042138            -350.083204310596             2546.49892674665              0.08186750168814806           0.003675440081694471          
5500.0                        330.73916863409835            -348.2259639192697            2.0948151736088123            -350.3207790928785            2546.49892674665              0.08177288176293668           0.003697244598397221          
5750.0                        366.54631881860035            -348.396308439056             2.321608274165851             -350.7179167132218            2546.49892674665              0.07346861036475141           0.0039045300456414054         
6000.0                        328.3057690370983             -348.4696753945158            2.0794026586040086            -350.5490780531198            2546.49892674665              0.06986412697720482           0.0037799235952476347         
6250.0                        306.0150887362536             -348.68809026485803           1.9382193342426544            -350.6263095991007            2546.49892674665              0.07648603743657789           0.004388590604057671          
6500.0                        339.16240907997445            -348.5883929827525            2.1481657700012757            -350.7365587527538            2546.49892674665              0.08318689815779358           0.004050360938965009          
6750.0                        320.6496522719922             -348.4106534947781            2.0309108224640675            -350.4415643172422            2546.49892674665              0.07260197235249881           0.002693084525685304          
7000.0                        306.7120145143227             -348.50837451474314           1.94263347938551              -350.45100799412864           2546.49892674665              0.08299629468682126           0.003408487409690746          
7250.0                        237.24684173523076            -348.4885315453074            1.5026592889200714            -349.9911908342275            2546.49892674665              0.08265975974405647           0.0027201492890818225         
7500.0                        293.2363285052054             -348.53288856630456           1.8572820175575426            -350.39017058386213           2546.49892674665              0.07623351912566141           0.0022791312203890007         
7750.0                        294.4122043983417             -348.4796390663048            1.8647297071474864            -350.3443687734523            2546.49892674665              0.0869883226963081            0.0038686535019929256         
8000.0                        314.5018344878136             -348.2892109870177            1.9919721565900925            -350.2811831436078            2546.49892674665              0.08195778154389725           0.0031110300849292918         
8250.0                        350.25059694636786            -348.3301672892552            2.218395444600365             -350.5485627338556            2546.49892674665              0.07797987330238182           0.003370968458819544          
8500.0                        341.12756809297866            -348.2660108970139            2.160612571920735             -350.4266234689347            2546.49892674665              0.06799818751214409           0.0018955378610499313         
8750.0                        323.91059556304026            -348.23341204768474           2.051564782243239             -350.284976829928             2546.49892674665              0.07492932973918301           0.0050583282219996565         
9000.0                        307.51045745635116            -348.1696346228326            1.947690607626866             -350.1173252304594            2546.49892674665              0.07855910410289291           0.004925303813930934          
9250.0                        316.18213492758133            -348.3196463173573            2.002614738997201             -350.3222610563545            2546.49892674665              0.0761470848159608            0.004361577053115854          
9500.0                        347.5990193821068             -348.1908024264413            2.2016010475576615            -350.39240347399897           2546.49892674665              0.07353737783363609           0.004409548384731432          
9750.0                        323.64799055329075            -347.98190146181287           2.0499015109670826            -350.03180297277993           2546.49892674665              0.08264665868805071           0.004420032432249269          
10000.0                       363.4381246740889             -348.00015288441756           2.301921787429688             -350.30207467184727           2546.49892674665              0.07498620366118727           0.003481818437951221          
10250.0                       341.56465823131776            -347.8097372315377            2.163380986251003             -349.97311821778874           2546.49892674665              0.07341711154253792           0.004283490522027107          
10500.0                       359.8754428720638             -347.90226183667545           2.2793566950384725            -350.1816185317139            2546.49892674665              0.0682310795816326            0.005978428221050787          
10750.0                       302.7595129781999             -348.12836557982916           1.9175993710100905            -350.0459649508393            2546.49892674665              0.07834581998065776           0.00422785420267796           
11000.0                       329.9388872063113             -348.13696213080635           2.089746400880716             -350.22670853168705           2546.49892674665              0.08056187788279286           0.0047320026897481006         
11250.0                       361.93799963477534            -347.9921360684301            2.2924203887666796            -350.2845564571968            2546.49892674665              0.08155547413482693           0.002441607833881606          
11500.0                       392.7830438714806             -347.98846671041355           2.487784811325198             -350.47625152173873           2546.49892674665              0.08266087665851726           0.0034540953204577705         
11750.0                       337.35760031930926            -347.93171568059546           2.1367345845359513            -350.0684502651314            2546.49892674665              0.08526951142475925           0.004103939491372897          
12000.0                       250.0177950840858             -348.0402898555616            1.5835471588603531            -349.62383701442195           2546.49892674665              0.07739742736134723           0.004122862775787295          
12250.0                       307.4873612727264             -348.16984347559287           1.9475443224556557            -350.1173877980485            2546.49892674665              0.08094373815235917           0.005986643664337866          
12500.0                       322.1372437070253             -348.28545901497415           2.0403328365639015            -350.32579185153804           2546.49892674665              0.07251033256028867           0.005173458299846111          
12750.0                       307.7534348146585             -348.34979588301576           1.9492295625051999            -350.29902544552095           2546.49892674665              0.08188031049797125           0.00537637091050244           
13000.0                       308.80554755197437            -348.2700108916667            1.955893368717142             -350.22590426038386           2546.49892674665              0.07794831811092606           0.005071022481427985          
13250.0                       362.02140445307396            -348.18967603110417           2.2929486530168606            -350.48262468412105           2546.49892674665              0.07555728264645885           0.004848220391628849          
13500.0                       385.70914312350266            -348.1953428028904            2.442980578779458             -350.63832338166986           2546.49892674665              0.07537782880547518           0.00483170241366436           
13750.0                       361.8829950277843             -348.1062737444858            2.2920720040083244            -350.39834574849414           2546.49892674665              0.07344340362174158           0.0037118141274406816         
14000.0                       332.3249940965784             -348.37386223800814           2.1048593762813224            -350.47872161428944           2546.49892674665              0.07806332686363633           0.004649130816430169          
14250.0                       295.51454426921515            -348.3411578495642            1.8717116388537196            -350.2128694884179            2546.49892674665              0.07879495198825162           0.006156262061962247          
14500.0                       300.39067319194277            -348.4442841263613            1.9025957609188118            -350.3468798872801            2546.49892674665              0.07432297815384567           0.0064696625804548285         
14750.0                       274.18607710323084            -348.4943958851859            1.736622720194223             -350.23101860538014           2546.49892674665              0.07841452561969374           0.005303655491362326          
15000.0                       315.77689741563313            -348.58855366114597           2.0000480708506663            -350.5886017319966            2546.49892674665              0.06805506197140221           0.006874442855995425          
15250.0                       326.86157661549737            -348.5422015705582            2.07025552247594              -350.6124570930341            2546.49892674665              0.07123432106090334           0.005674499463073897          
15500.0                       275.4831784467221             -348.5863396297228            1.7448382200011414            -350.33117784972393           2546.49892674665              0.07453138119351461           0.0061127672820786615         
15750.0                       286.3742643652075             -348.621911693463             1.8138195025427353            -350.43573119600575           2546.49892674665              0.0766568865104874            0.005976908311452335          
16000.0                       284.9908222868795             -348.91003967774805           1.8050571431600866            -350.7150968209081            2546.49892674665              0.0814590678303904            0.003725255868522185          
16250.0                       260.44806570069767            -348.79072533024345           1.6496097581066402            -350.4403350883501            2546.49892674665              0.07635257482179168           0.003991335943219967          
16500.0                       297.5757149140255             -348.53300619495843           1.8847665532745834            -350.417772748233             2546.49892674665              0.07961424427244487           0.001847040307261504          
16750.0                       319.2574056646768             -348.4925170925729            2.0220926975033793            -350.51460979007624           2546.49892674665              0.08013889642557419           0.0029255347994149063         
17000.0                       323.06909017526203            -348.52628609522435           2.04623490776157              -350.5725210029859            2546.49892674665              0.07659644414534236           0.005420024651504638          
17250.0                       338.240669361371              -348.4100466731737            2.142327712305773             -350.5523743854795            2546.49892674665              0.08194585474705746           0.00458388730963787           
17500.0                       348.69644974193517            -348.43787087327837           2.2085518837082194            -350.64642275698657           2546.49892674665              0.07289764009753409           0.006988709430048643          
17750.0                       317.9892411240544             -348.4467654172078            2.01406047581854              -350.46082589302637           2546.49892674665              0.07433252509369064           0.004389972907358525          
18000.0                       369.2224982273684             -348.5237715184311            2.3385584928410053            -350.8623300112721            2546.49892674665              0.07956417315449013           0.004577802267164207          
18250.0                       324.4173949542638             -348.6547795415593            2.054774716703361             -350.7095542582627            2546.49892674665              0.07560386624273584           0.004432730388924793          
18500.0                       329.12335441121024            -348.77378052998534           2.0845810299909946            -350.85836155997634           2546.49892674665              0.07622102055455783           0.004534386500383312          
18750.0                       272.7632426585518             -348.79009017666635           1.7276108598918698            -350.5177010365582            2546.49892674665              0.07762302384700707           0.00412383999279818           
19000.0                       256.10685201612824            -348.893119028984             1.622113648904119             -350.51523267788815           2546.49892674665              0.08167283094723281           0.004720150991440992          
19250.0                       279.79098376015736            -348.80266835181425           1.7721227293406456            -350.5747910811549            2546.49892674665              0.07723239368862186           0.007069918589888253          
19500.0                       295.01410455339783            -348.79203318168766           1.8685419849100997            -350.66057516659777           2546.49892674665              0.07220199146392572           0.006781113664560141          
19750.0                       242.1439063322035             -348.95564082089294           1.5336760120564534            -350.4893168329494            2546.49892674665              0.060464123259704294          0.007560961637279669          
20000.0                       290.1014987484112             -348.8645622781235            1.8374268278370955            -350.7019891059606            2546.49892674665              0.08111838225163594           0.007039944625561564          
20250.0                       283.2109174678576             -349.1866678419052            1.7937836927312636            -350.9804515346365            2546.49892674665              0.07820977079156731           0.007603491984665273          
20500.0                       249.98837489285424            -349.1734838237064            1.5833608190831296            -350.75684464278953           2546.49892674665              0.07820121340264845           0.005628371414257239          
20750.0                       307.64633160439143            -348.9041369272636            1.94855119885406              -350.85268812611764           2546.49892674665              0.073753207151309             0.0037067418945342314         
21000.0                       309.86905854807407            -348.8769247322201            1.9626293685115728            -350.8395541007317            2546.49892674665              0.0782515972016724            0.004459123100321672          
21250.0                       300.88552153502525            -348.6843857565564            1.905730000573599             -350.59011575713004           2546.49892674665              0.07914151487607204           0.005389617431221009          
21500.0                       275.75004062481486            -348.8683403624181            1.7465284550653455            -350.61486881748345           2546.49892674665              0.07599847812823604           0.005417592693869533          
21750.0                       295.62948737020514            -348.79670507172654           1.8724396583170624            -350.66914473004357           2546.49892674665              0.07511486301119032           0.0032025308136344292         
22000.0                       294.3473165250924             -348.50969860605403           1.8643187243720647            -350.3740173304261            2546.49892674665              0.08015972951612946           0.00255628240860413           
22250.0                       300.817406292256              -348.55155132912677           1.9052985764858614            -350.4568499056126            2546.49892674665              0.07607309760230818           0.0035419375875993275         
22500.0                       299.931388933536              -348.8392272912533            1.8996867748513813            -350.73891406610466           2546.49892674665              0.07914420680970566           0.003583177165785687          
22750.0                       347.91946678230863            -348.5621620987917            2.203630677368544             -350.76579277616025           2546.49892674665              0.07152378264045686           0.0031172719025926183         
23000.0                       329.25371313561175            -348.5827942798381            2.0854066879710165            -350.6682009678091            2546.49892674665              0.08014020293732603           0.002345536143397776          
23250.0                       308.4389856583444             -348.5804323440093            1.9535716617962047            -350.5340040058055            2546.49892674665              0.07779175444004936           0.003714387496717184          
23500.0                       251.86334438103444            -348.59093550093746           1.5952363842002406            -350.1861718851377            2546.49892674665              0.07897332749281676           0.0028689900227434474         
23750.0                       325.1838274706965             -348.3927793933871            2.059629099302196             -350.4524084926893            2546.49892674665              0.07380360733740061           0.003585487347485535          
24000.0                       350.27013634015816            -348.3457561873366            2.2185192019973616            -350.56427538933394           2546.49892674665              0.07139360413442111           0.003664385127971999          
24250.0                       267.13506083297113            -348.15086067744267           1.691963431929991             -349.84282410937266           2546.49892674665              0.07495303390929117           0.007346580481973131          
24500.0                       328.05606763491426            -348.0369041152548            2.0778211153948183            -350.11472523064964           2546.49892674665              0.07602110983155788           0.006570843595004244          
24750.0                       331.2528790676372             -348.34724296748095           2.0980688807988694            -350.4453118482798            2546.49892674665              0.08246192925357011           0.00558650305329086           
25000.0                       331.7665118638948             -348.207968679045             2.101322096254744             -350.30929077529976           2546.49892674665              0.07617146092556526           0.006654766452404464          
25250.0                       310.73314679857066            -348.2915325319417            1.968102276924425             -350.2596348088661            2546.49892674665              0.08069016003774011           0.007809385905510515          
25500.0                       295.41136908280805            -348.50301978059406           1.8710581542757723            -350.37407793486983           2546.49892674665              0.06607170602352905           0.0074864301334226085         
25750.0                       299.34230112187896            -348.5971518746957            1.8959556471124337            -350.49310752180816           2546.49892674665              0.0778732632299544            0.008210952444328004          
26000.0                       336.41320827133706            -348.3814733678331            2.1307530529257166            -350.51222642075885           2546.49892674665              0.07309940028725401           0.007945488620682912          
26250.0                       334.30293252830495            -348.3450520993301            2.1173871196881784            -350.4624392190183            2546.49892674665              0.06884880092048544           0.008322455151173887          
26500.0                       303.2435751374042             -348.4953427726072            1.9206652938043538            -350.41600806641156           2546.49892674665              0.07620049490400645           0.0060272447782302565         
26750.0                       338.2272822706292             -348.5473778227978            2.1422429219831383            -350.68962074478094           2546.49892674665              0.07721057990912736           0.0043468766484728175         
27000.0                       313.16052358961525            -348.45959398660153           1.9834766450554993            -350.443070631657             2546.49892674665              0.07793660804258486           0.0021922179288820505         
27250.0                       320.27523932763904            -348.29802153670755           2.028539389046412             -350.32656092575394           2546.49892674665              0.07742114320260586           0.0029514065694268253         
27500.0                       289.76764355863725            -348.38863520149476           1.8353122766026144            -350.2239474780974            2546.49892674665              0.07738157259261383           0.003236529144443263          
27750.0                       346.2273742505517             -348.4461965616178            2.1929134069426874            -350.6391099685605            2546.49892674665              0.08142915569706764           0.0025668210398711168         
28000.0                       327.2105258885798             -348.45809197526285           2.072465675676396             -350.5305576509392            2546.49892674665              0.08380619663844817           0.0043058980000251525         
28250.0                       283.00681540894925            -348.67402977315845           1.7924909638061362            -350.4665207369646            2546.49892674665              0.07491101701906897           0.004998679503576698          
28500.0                       284.160427574974              -348.6519478383397            1.7997976407861518            -350.45174547912586           2546.49892674665              0.0751311178775688            0.0031556948952883787         
28750.0                       301.27590560423903            -348.83875333337073           1.9082025909084588            -350.7469559242792            2546.49892674665              0.0774794052290315            0.004791043469180421          
29000.0                       312.74912103765826            -348.63315097006705           1.9808709291620352            -350.6140218992291            2546.49892674665              0.07649784206027709           0.005995160201306332          
29250.0                       312.772390817285              -348.72743156508704           1.981018313844805             -350.70844987893184           2546.49892674665              0.07394135820452365           0.004671819062818004          
29500.0                       318.6957852916612             -348.38122439220615           2.018535541318765             -350.39975993352493           2546.49892674665              0.07831153640861362           0.0035854074755692577         
29750.0                       347.63517852366635            -348.29133571600903           2.201830070079295             -350.4931657860883            2546.49892674665              0.08051996532067239           0.002556727798733419          
30000.0                       383.80530969920363            -348.16351686804904           2.4309221970591564            -350.5944390651082            2546.49892674665              0.07669305641641236           0.004118906846383782          
