CMo16S32_e75017
time                          T                             E_tot                         E_kin                         E_pot                         V                             MSD                           P_internal                    
0                             299.9999999999997             -344.5488650306413            1.9001213393563934            -346.4489863699977            2546.49892674665              0.0                           0.01747126941817931           
250.0                         518.9663667882296             -346.61008707482017           3.286996893141911             -349.8970839679621            2546.49892674665              0.034297696257825874          0.0035720397765653792         
500.0                         427.66607719789505            -347.5673853948486            2.708724798008533             -350.2761101928571            2546.49892674665              0.03585256923039845           0.00495567106126268           
750.0                         337.0811544575266             -348.51592177217844           2.1349836489321183            -350.65090542111056           2546.49892674665              0.03100125523255939           0.0029022033053149447         
1000.0                        234.37722846479815            -349.2719536926197            1.4844839108839072            -350.7564376035036            2546.49892674665              0.032389919608875266          0.0020541049812299542         
1250.0                        221.133423511878              -349.57007417397676           1.400601122866182             -350.97067529684296           2546.49892674665              0.030256832665505582          0.0028636914288998304         
1500.0                        250.63660312605037            -349.29908693176986           1.5874665267453605            -350.8865534585152            2546.49892674665              0.032787573045675054          0.004579128168184086          
1750.0                        249.10865355245167            -349.58138431942854           1.5777888947778425            -351.15917321420636           2546.49892674665              0.03407630973833238           0.002812571560821669          
2000.0                        295.37776196916235            -349.0893384766699            1.8708452956297976            -350.96018377229973           2546.49892674665              0.031665563024450845          0.0022931564895304576         
2250.0                        263.84025298958215            -349.509860037683             1.67109498295565              -351.18095502063863           2546.49892674665              0.03160688243038777           0.0037553990292301426         
2500.0                        306.88925381825266            -349.3011166621792            1.9437560666640767            -351.2448727288433            2546.49892674665              0.03006977312025911           0.003799632564834385          
2750.0                        295.74573720362184            -349.0269361175391            1.8731759542809683            -350.90011207182005           2546.49892674665              0.03295622158828056           0.004583428930794353          
3000.0                        320.77764177172276            -348.92249621989873           2.0317214743962393            -350.954217694295             2546.49892674665              0.02956908141250972           0.0050805699262122            
3250.0                        409.80984388954374            -348.7695317910383            2.595628098176117             -351.3651598892144            2546.49892674665              0.0273608989737878            0.0033302710278170153         
3500.0                        360.39645731868444            -348.661039289695             2.2826566639322623            -350.94369595362724           2546.49892674665              0.03671310936575989           0.0018171870448482838         
3750.0                        296.595171889013              -348.77474302361054           1.8785560508546388            -350.65329907446517           2546.49892674665              0.028347015027336303          0.0022308460736171396         
4000.0                        298.2788454528063             -348.656577675428             1.8892199977448851            -350.5457976731729            2546.49892674665              0.030674319212489514          0.003444925013518564          
4250.0                        300.9910541507049             -348.65791533007814           1.9063984164904357            -350.5643137465686            2546.49892674665              0.030619779215148475          0.0020529048260978225         
4500.0                        276.97045351573007            -349.4303991808295            1.7542582303215242            -351.184657411151             2546.49892674665              0.03711641676093644           0.0018701734653252808         
4750.0                        254.9338637807082             -349.2496271429694            1.6146842489810005            -350.8643113919504            2546.49892674665              0.037235286341571874          0.0022910387613570733         
5000.0                        240.22344341697408            -349.494523060781             1.5215123035008868            -351.0160353642819            2546.49892674665              0.027611243898737575          0.0026926064501455356         
5250.0                        386.6553856844837             -348.2114844980593            2.4489738310538827            -350.66045832911317           2546.49892674665              0.03808256079138414           0.003778148506818589          
5500.0                        345.37277448998384            -348.5515579735601            2.1875005961371414            -350.7390585696972            2546.49892674665              0.03381106669540991           0.0015008149803551023         
5750.0                        280.39686782263755            -348.85046328850154           1.775960240128294             -350.62642352862986           2546.49892674665              0.03279762900898209           0.002859456519877269          
6000.0                        330.9998274361536             -348.6895093050847            2.096466118115733             -350.78597542320045           2546.49892674665              0.027939300636221777          0.003997328300356619          
6250.0                        347.65206053077213            -348.6757008070532            2.2019369962858044            -350.877637803339             2546.49892674665              0.03249872689005419           0.004235746290150211          
6500.0                        371.76431654450886            -348.5667982057028            2.354657703591557             -350.92145590929437           2546.49892674665              0.028239463315753922          0.0028185732705755585         
6750.0                        301.66305329493787            -349.0381642286929            1.9106546828703899            -350.9488189115633            2546.49892674665              0.030666008815452884          0.0038078062878204953         
7000.0                        250.76396382528617            -349.10520505386074           1.5882731960200713            -350.6934782498808            2546.49892674665              0.029200293710126494          0.004912057236765774          
7250.0                        352.14320646046053            -348.7334837963355            2.230382737016353             -350.96386653335185           2546.49892674665              0.03256366494762506           0.005646070426174029          
7500.0                        323.0452088303806             -348.74640361026013           2.0460836495848307            -350.79248725984496           2546.49892674665              0.031758078779118765          0.005238503488446763          
7750.0                        278.21622562546287            -349.0510571258961            1.7621486242204518            -350.81320575011654           2546.49892674665              0.0412966804737377            0.0044358874903656096         
8000.0                        333.46915074507274            -348.95798077015144           2.1121061644925576            -351.070086934644             2546.49892674665              0.0355895670991068            0.0036189382140805735         
8250.0                        340.84745467768226            -348.85655261161537           2.1588384069945863            -351.01539101860993           2546.49892674665              0.03571947247675113           0.0024505336154996993         
8500.0                        320.38980293917206            -348.5297158931197            2.029265004923037             -350.55898089804276           2546.49892674665              0.03754582393221171           0.0029830415460780717         
8750.0                        341.69351292928576            -348.1131625248208            2.164197118121954             -350.2773596429427            2546.49892674665              0.03406066807731611           0.0038080104216727372         
9000.0                        360.3601939590753             -348.3623327939478            2.282426981320828             -350.64475977526865           2546.49892674665              0.03137475931128656           0.004352994500267429          
9250.0                        288.3237241490718             -349.0788238694926            1.8261668696611937            -350.90499073915385           2546.49892674665              0.03605126467846729           0.003541227633109186          
9500.0                        292.33856885915225            -349.1748769599957            1.8515958433539472            -351.02647280334963           2546.49892674665              0.02845430835089738           0.003242392172423449          
9750.0                        221.119513685896              -349.57960941714606           1.4005130216755983            -350.98012243882164           2546.49892674665              0.03988140220005157           0.003100871523872577          
10000.0                       316.2024503837501             -349.1901209056421            2.002743411769818             -351.19286431741193           2546.49892674665              0.03658488031195057           0.0026370509550717167         
10250.0                       325.931106906868              -348.89805553008495           2.064362171312635             -350.96241770139756           2546.49892674665              0.03068655419553787           0.0028709996287905725         
10500.0                       274.9744483594749             -349.05252450923746           1.7416160570186379            -350.7941405662561            2546.49892674665              0.02922813290444131           0.0042479073090099136         
10750.0                       314.85544979283486            -348.9645732536484            1.9942118632134054            -350.9587851168618            2546.49892674665              0.03492615012372609           0.003978354113340869          
11000.0                       299.6920795961516             -348.96597071040634           1.89817105225581              -350.86414176266214           2546.49892674665              0.031564944046662664          0.005002159114021334          
11250.0                       311.61040205772014            -348.98661682432567           1.9736585817176666            -350.9602754060433            2546.49892674665              0.03586531483628215           0.005123067313356857          
11500.0                       298.4648335259695             -349.1145624611492            1.890397997433829             -351.004960458583             2546.49892674665              0.03499399461530463           0.00605661379747681           
11750.0                       289.6947436688811             -349.170672385748             1.8348505478154065            -351.0055229335634            2546.49892674665              0.030155319972494873          0.005744971569251388          
12000.0                       316.6688770497789             -348.8775999677392            2.005697635974372             -350.8832976037136            2546.49892674665              0.03512906041897009           0.005637372179747108          
12250.0                       270.99254097572117            -349.2579989685796            1.7163956997146004            -350.9743946682942            2546.49892674665              0.029411558384152842          0.006221860039304344          
12500.0                       285.69426041485696            -349.15468237654625           1.8095125358197095            -350.96419491236594           2546.49892674665              0.038548821008304646          0.004963951709486188          
12750.0                       301.0900667087658             -349.16705938643753           1.9070255360718884            -351.0740849225094            2546.49892674665              0.03249338081418062           0.0039804498002363005         
13000.0                       348.27350941657227            -348.94717879612114           2.2058730905832316            -351.15305188670436           2546.49892674665              0.031239735161098542          0.0037317815830795764         
13250.0                       318.2969344743886             -348.9696274089695            2.0160093248217               -350.9856367337912            2546.49892674665              0.0271344751233405            0.004291380928117633          
13500.0                       250.73752345966975            -349.47019111455137           1.5881057296769776            -351.0582968442283            2546.49892674665              0.03344862451503873           0.0015599950746580304         
13750.0                       260.7347352377149             -349.31954613375996           1.65142544778874              -350.9709715815487            2546.49892674665              0.03139119618585746           0.003857478073954125          
14000.0                       275.3339912263915             -348.8689069560083            1.7438933072647766            -350.6128002632731            2546.49892674665              0.03132815619195682           0.005623835236504642          
14250.0                       330.54896685200106            -348.8209737500486            2.093610485392323             -350.91458423544094           2546.49892674665              0.03505315981238835           0.005855297131146148          
14500.0                       321.6424704228162             -348.70787180886003           2.0371990723123377            -350.74507088117235           2546.49892674665              0.03192367644312746           0.005025251391326241          
14750.0                       270.98768907098065            -349.43016559064637           1.7163649690221539            -351.1465305596685            2546.49892674665              0.028216117660754898          0.004555860715281701          
15000.0                       277.03254492379614            -349.14602740254406           1.7546515010197143            -350.9006789035638            2546.49892674665              0.028167193137757465          0.00460916117010007           
15250.0                       295.7655819945361             -349.0839402219165            1.8733016459832723            -350.95724186789977           2546.49892674665              0.03548114184283925           0.006286679163780634          
15500.0                       365.2221052896942             -348.7566581251371            2.313221052885387             -351.0698791780225            2546.49892674665              0.03290373063384088           0.005645999359530921          
15750.0                       310.6919050722735             -348.84960360307826           1.9678410626437282            -350.817444665722             2546.49892674665              0.03182406813467263           0.008374499692747792          
16000.0                       319.1972008020624             -348.99111992573484           2.021711375689424             -351.0128313014243            2546.49892674665              0.03083550791623856           0.005732049887739743          
16250.0                       375.8996691695267             -348.4903117526046            2.38084994282009              -350.8711616954247            2546.49892674665              0.03218979320507973           0.005690674275003579          
16500.0                       290.11195190595606            -348.9980977422885            1.8374930353961445            -350.8355907776847            2546.49892674665              0.023028183545536984          0.0045225441934012775         
16750.0                       343.50740683388136            -348.88551299301344           2.1756858465067896            -351.0611988395202            2546.49892674665              0.03429239989923591           0.002106244226618356          
17000.0                       365.52553558806574            -348.8047912422616            2.3151429008351974            -351.1199341430968            2546.49892674665              0.03213077036619076           0.0022687127498003273         
17250.0                       291.6598303307581             -348.9923808944587            1.847296891481797             -350.83967778594047           2546.49892674665              0.038991616906331225          0.0036728089867356767         
17500.0                       271.3982498793015             -349.5271956688132            1.7189653535321334            -351.24616102234535           2546.49892674665              0.026537049993584402          0.0037594384232937372         
17750.0                       290.7047965213329             -349.0422217633549            1.8412479577448115            -350.88346972109974           2546.49892674665              0.03715256004181056           0.002763048796458807          
18000.0                       314.69462372431843            -348.9532483604256            1.9931932330643627            -350.94644159348996           2546.49892674665              0.03949284801816593           0.0037250021641222603         
18250.0                       359.6489885772452             -348.96726400958744           2.2779223929118935            -351.2451864024993            2546.49892674665              0.035465374740411615          0.005152772479122926          
18500.0                       270.96172407578814            -349.3168078651671            1.716200513550682             -351.0330083787178            2546.49892674665              0.038027957254245875          0.005732619420421536          
18750.0                       305.8012763594573             -348.82267293999325           1.9368651027100907            -350.75953804270335           2546.49892674665              0.02925449011690799           0.007718477603766973          
19000.0                       351.56087333298353            -348.0134937794121            2.226694391675909             -350.240188171088             2546.49892674665              0.031036769101245795          0.007797684294926054          
19250.0                       339.6271535812169             -348.79379494306386           2.15110933981514              -350.944904282879             2546.49892674665              0.03556115394313592           0.004361089271531221          
19500.0                       255.66931651446913            -349.2322585564613            1.6193424137593575            -350.85160097022066           2546.49892674665              0.027558596735222277          0.003207939263968594          
19750.0                       267.58569909441826            -349.07005446797206           1.694817656519678             -350.7648721244917            2546.49892674665              0.03303575981713769           0.003083140185011189          
20000.0                       257.4150956450287             -349.14648440133334           1.6303997210252885            -350.77688412235864           2546.49892674665              0.031120365647868044          0.004154200778110122          
20250.0                       219.78665166376464            -349.6645342075352            1.3920710231067               -351.05660523064194           2546.49892674665              0.032903729735862766          0.0030927434211211803         
20500.0                       237.01163023121495            -349.3920841510256            1.5011695209265963            -350.8932536719522            2546.49892674665              0.0353583651404686            0.004304278857375028          
20750.0                       236.3028793968061             -349.70927248383623           1.49668047897744              -351.2059529628137            2546.49892674665              0.029544902945999246          0.003490611742438758          
21000.0                       273.09807696720475            -349.54830702064584           1.7297316126086033            -351.2780386332544            2546.49892674665              0.032882737384918086          0.003073905014629358          
21250.0                       302.63473700343314            -349.25160161906166           1.916809072702446             -351.1684106917641            2546.49892674665              0.03014055235168865           0.004626560985150943          
21500.0                       280.5746935147509             -349.11362019489115           1.777086541435862             -350.890706736327             2546.49892674665              0.03497335711593574           0.003366644204874119          
21750.0                       315.27034493768247            -349.0553749761762            1.996839700274473             -351.05221467645066           2546.49892674665              0.03078305558004403           0.002735970462799251          
22000.0                       288.3049155175892             -348.95618323230644           1.8260477407210467            -350.7822309730275            2546.49892674665              0.031627053505888306          0.004440046770792297          
22250.0                       272.4141119315098             -349.34814060054487           1.7253995574096113            -351.0735401579545            2546.49892674665              0.02715361910618592           0.003907189213185751          
22500.0                       280.2499149571653             -349.10387123438466           1.7750294792097494            -350.8789007135944            2546.49892674665              0.0319289428080934            0.0024914061203835723         
22750.0                       274.53980913681664            -349.20551144886855           1.7388631661456573            -350.9443746150142            2546.49892674665              0.034147444071519796          0.0030622897065489354         
23000.0                       259.46820287085393            -349.25497666617184           1.6434035638645463            -350.89838023003637           2546.49892674665              0.032014338892787514          0.003553004369425346          
23250.0                       276.9542419954885             -349.02817210780285           1.7541555508030093            -350.7823276586059            2546.49892674665              0.033992746993353966          0.002779023830253382          
23500.0                       320.7142650145181             -348.52407691328386           2.0313200626336267            -350.5553969759175            2546.49892674665              0.04076258751590777           0.0009443316617739934         
23750.0                       288.5548561797964             -348.84689594229764           1.8276307993404892            -350.67452674163815           2546.49892674665              0.0301753647625253            0.004031074198737937          
24000.0                       304.83804451230156            -349.1819459750721            1.930764244751663             -351.1127102198238            2546.49892674665              0.0366052760272255            0.003453167706690349          
24250.0                       292.86167874594923            -349.4153478793025            1.8549090842163847            -351.2702569635189            2546.49892674665              0.029492389886319904          0.004280488454591501          
24500.0                       303.02277691569884            -349.27741233221616           1.9192668157618396            -351.196679147978             2546.49892674665              0.02918219089186029           0.003966483911138743          
24750.0                       307.2374934474704             -349.2389185963281            1.945961725166364             -351.18488032149446           2546.49892674665              0.031325391395447155          0.005385371593531577          
25000.0                       282.9575824100006             -349.4478024450994            1.792179134899793             -351.2399815799992            2546.49892674665              0.030227697764373486          0.005092997539980767          
25250.0                       271.42513358753297            -349.4002755352247            1.7191356278911054            -351.1194111631158            2546.49892674665              0.03404874981874958           0.004290391858533097          
25500.0                       316.61274340233086            -349.0842197689292            2.005342100169799             -351.089561869099             2546.49892674665              0.026826890435929514          0.004875619859391602          
25750.0                       249.42474581735124            -349.3769534029787            1.5797909403036463            -350.95674434328237           2546.49892674665              0.034359851513798             0.0052957493146535            
26000.0                       255.19667670433367            -349.73419605028005           1.6163488371291317            -351.35054488740917           2546.49892674665              0.03277262390428144           0.004968256674761214          
26250.0                       290.7300618567305             -349.1955174936834            1.841407981754595             -351.03692547543795           2546.49892674665              0.034616826976055066          0.0032067516027143327         
26500.0                       298.06092661756725            -349.2448768169121            1.8878397569812673            -351.1327165738934            2546.49892674665              0.03602042898463335           0.0031465071287810355         
26750.0                       288.2223104608627             -349.01674423463453           1.825524541950964             -350.8422687765855            2546.49892674665              0.03548986008744178           0.0030379951218978372         
27000.0                       375.81662916528546            -348.66517617931754           2.3803239892064934            -351.04550016852403           2546.49892674665              0.041968624133414525          0.00247500175905423           
27250.0                       298.9220617980054             -349.3511364520065            1.893293961422671             -351.24443041342914           2546.49892674665              0.026788539669705284          0.0025047363913076686         
27500.0                       287.97328665464084            -349.0969589235657            1.8239472904569312            -350.92090621402264           2546.49892674665              0.03051106103994289           0.003922811137828692          
27750.0                       351.86854564731584            -348.71313753820976           2.228643107442549             -350.94178064565233           2546.49892674665              0.037583039111446566          0.003874380039027355          
28000.0                       330.8089270838371             -348.822634634771             2.095257005338642             -350.91789164010964           2546.49892674665              0.03389514528741585           0.004117161235302562          
28250.0                       369.6935166681085             -348.5674611405084            2.341541800142607             -350.90900294065096           2546.49892674665              0.03110358390853046           0.005313524218535902          
28500.0                       348.7710349531483             -348.27385824569825           2.209024286879641             -350.4828825325779            2546.49892674665              0.031039834269224596          0.007774684354718754          
28750.0                       343.5289038290879             -348.6916450410307            2.175822002837869             -350.8674670438686            2546.49892674665              0.042919193342191235          0.004976519243545659          
29000.0                       321.42588941508865            -348.7936037556899            2.035827304997396             -350.8294310606873            2546.49892674665              0.033725667252695546          0.003897727044141             
29250.0                       346.81311815752156            -348.67838284959737           2.1966233552661256            -350.8750062048635            2546.49892674665              0.03358170470316023           0.0036678718138343134         
29500.0                       330.3616802771251             -348.68550251752964           2.092424261334001             -350.7779267788636            2546.49892674665              0.031204756104730686          0.005123547209484938          
29750.0                       334.64503825489396            -348.7866520626256            2.1195539276595374            -350.9062059902851            2546.49892674665              0.03397600790461999           0.005434721728633564          
30000.0                       273.4255820288346             -349.10145835511054           1.731805943796437             -350.83326429890695           2546.49892674665              0.042217111932632806          0.006513259909972972          
