CMo16S32_7295d0
time                          T                             E_tot                         E_kin                         E_pot                         V                             MSD                           P_internal                    
0                             299.99999999999994            -344.5488650306413            1.9001213393563952            -346.4489863699977            2546.49892674665              0.0                           0.017471269418179343          
250.0                         265.5398619705196             -348.4170113919837            1.681859860599787             -350.0988712525835            2546.49892674665              0.006512475042516876          0.007742662075029991          
500.0                         273.15619433739715            -348.10698009336255           1.730099712792903             -349.83707980615543           2546.49892674665              0.0065772877222154994         0.008308914405963068          
750.0                         307.12526589055614            -348.2064126066697            1.9452509052471751            -350.15166351191687           2546.49892674665              0.01351530790874012           0.0058276699829052725         
1000.0                        320.96987459950924            -348.22945036719653           2.032939026723579             -350.2623893939201            2546.49892674665              0.021186087963529047          0.005036076794827782          
1250.0                        324.00912780019513            -348.65009029197296           2.0521888595980142            -350.70227915157096           2546.49892674665              0.030935083861968193          0.005926066141640605          
1500.0                        272.88799825813595            -349.4331006740749            1.7284010291484497            -351.1615017032234            2546.49892674665              0.03522330469367625           0.003603291035601542          
1750.0                        265.97505063233876            -349.7112370609379            1.6846162314763486            -351.39585329241424           2546.49892674665              0.03606104442903499           0.0030564834374349342         
2000.0                        350.2951021211263             -348.80729967891347           2.218677328707933             -351.0259770076214            2546.49892674665              0.029851199586710783          0.003242732938726759          
2250.0                        226.4518331479059             -349.54114747204636           1.4342865350023664            -350.9754340070487            2546.49892674665              0.030846546038169876          0.005067398456093969          
2500.0                        290.4483390911908             -349.1030981991307            1.8396236236259798            -350.9427218227567            2546.49892674665              0.034717192368549823          0.005679256742593269          
2750.0                        229.45796146629468            -349.5393767818504            1.4533265635577466            -350.9927033454082            2546.49892674665              0.03199891089316371           0.00392439449389016           
3000.0                        306.34564115168484            -348.8091063463152            1.9403129665704437            -350.74941931288566           2546.49892674665              0.03799967467459049           0.003120989944140229          
3250.0                        327.5710785452202             -348.79926292003415           2.074749321665876             -350.87401224170003           2546.49892674665              0.031885445884449755          0.0017440626380017972         
3500.0                        285.56656499199863            -349.37982802236695           1.8087037464933386            -351.1885317688603            2546.49892674665              0.03248757978341347           0.0046288189685713575         
3750.0                        260.9370823185027             -348.666657128134             1.6527070611426111            -350.3193641892766            2546.49892674665              0.040740740465799494          0.0024586075073147026         
4000.0                        282.6679159615537             -349.06140616051295           1.7903444635664947            -350.85175062407944           2546.49892674665              0.03810811512403562           0.003264316153301673          
4250.0                        394.6833198716886             -348.3037453393939            2.4998206612540717            -350.803566000648             2546.49892674665              0.031206128091647863          0.004210821275504757          
4500.0                        311.07692568873296            -348.9595055830949            1.9702796822751505            -350.92978526537              2546.49892674665              0.03508275169513831           0.0014679639186070527         
4750.0                        312.04782207640244            -348.9516987087298            1.9764290854235331            -350.92812779415334           2546.49892674665              0.031842687658088294          0.0035578199338641412         
5000.0                        250.22535715837128            -349.6105594778095            1.584861802615656             -351.19542128042514           2546.49892674665              0.02850470042385166           0.0032898398929728178         
5250.0                        285.8040782888023             -349.31961075990756           1.810208093438797             -351.12981885334636           2546.49892674665              0.026684849857086607          0.0026101526438448673         
5500.0                        285.2219882580176             -348.9606527280735            1.8065212878090613            -350.7671740158826            2546.49892674665              0.03886758332837247           0.005190834962729588          
5750.0                        320.6563794927599             -349.04619812905867           2.0309534309165187            -351.07715155997516           2546.49892674665              0.029824377283853624          0.0033228254149724897         
6000.0                        288.89668837390695            -349.32133973007586           1.8297958748288508            -351.1511356049047            2546.49892674665              0.03532834382553696           0.0033111260137512963         
6250.0                        275.486505106154              -349.01063349439715           1.7448592901897262            -350.75549278458686           2546.49892674665              0.03752598778145511           0.00488948739671984           
6500.0                        329.60406685202213            -348.5874891193396            2.0876257365472637            -350.6751148558868            2546.49892674665              0.036230328831396194          0.0026520494097809363         
6750.0                        343.5288802200888             -348.9039726356483            2.1758218533046594            -351.079794488953             2546.49892674665              0.041143072807925424          0.004289908782646022          
7000.0                        307.6426911495805             -348.90300853954733           1.9485281411678226            -350.8515366807151            2546.49892674665              0.032859752931703574          0.004956738104579739          
7250.0                        290.0504317496611             -349.2547059040869            1.837103382856889             -351.09180928694377           2546.49892674665              0.03363363819772564           0.003924203673147328          
7500.0                        314.3532132246325             -349.24215241166263           1.9910308284779175            -351.23318324014053           2546.49892674665              0.03053464805091662           0.0033353253720866723         
7750.0                        303.40950009291623            -349.2076439087811            1.9217162189666879            -351.1293601277478            2546.49892674665              0.038340037579519426          0.0030496296915011392         
8000.0                        260.5374321857114             -349.4720482284118            1.6501757819906333            -351.1222240104024            2546.49892674665              0.0353587040041093            0.003754106295212716          
8250.0                        298.1493841323757             -348.8303296151415            1.8884000236863137            -350.7187296388278            2546.49892674665              0.03221581003157309           0.003042065423746731          
8500.0                        216.9926036876784             -349.5757770682895            1.3743742558315433            -350.950151324121             2546.49892674665              0.03326388326425821           0.0035654013468802647         
8750.0                        302.9019799589678             -349.08225746693023           1.9185017195111262            -351.00075918644137           2546.49892674665              0.032440959064986036          0.005215793445393124          
9000.0                        271.62411588951187            -348.6749204232905            1.7203959296182536            -350.3953163529087            2546.49892674665              0.030986396791884637          0.006273789767420035          
9250.0                        339.937180137453              -348.7831229998443            2.1530729667327115            -350.93619596657703           2546.49892674665              0.03851818206551728           0.004767739896910277          
9500.0                        268.2046679840973             -348.83794961658793           1.6987380431719343            -350.5366876597599            2546.49892674665              0.029476956271102604          0.004445285371643501          
9750.0                        251.39431665117388            -349.03618001672646           1.5922656855393809            -350.6284457022658            2546.49892674665              0.03124119960845348           0.0067476596154306435         
10000.0                       362.8972795364104             -348.221788817738             2.2984962161383877            -350.5202850338764            2546.49892674665              0.03707289624171991           0.004262628263630428          
10250.0                       304.20406874259976            -348.9253545526198            1.9267488084561786            -350.852103361076             2546.49892674665              0.033220562827338             0.0032339054773840616         
10500.0                       263.6027659867538             -349.2258495496514            1.6695908025493371            -350.89544035220075           2546.49892674665              0.0423246677699901            0.003692873763131439          
10750.0                       296.3794943771629             -349.3308372382433            1.8771900060456868            -351.208027244289             2546.49892674665              0.02966869286768534           0.005157669593097887          
11000.0                       304.70523873483825            -348.80091479927904           1.9299230877791702            -350.7308378870582            2546.49892674665              0.03251576928961755           0.0046904963010865755         
11250.0                       270.2657318091459             -348.993318031308             1.7117922810244355            -350.7051103123324            2546.49892674665              0.03857930413000499           0.0033575034811054254         
11500.0                       337.56486374689996            -348.7612490409163            2.1380473367413955            -350.8992963776577            2546.49892674665              0.027309755163969378          0.0038488127727638022         
11750.0                       304.020110512094              -348.56959201605883           1.925583665258398             -350.4951756813172            2546.49892674665              0.03332788203541219           0.003806733927990616          
12000.0                       398.51109470993043            -348.63057609833197           2.524064783428721             -351.1546408817607            2546.49892674665              0.034311388677281             0.0038697572049659367         
12250.0                       376.6392786155565             -348.44800767653345           2.3855344351240593            -350.8335421116575            2546.49892674665              0.026946539129080686          0.00675849947304907           
12500.0                       261.3839838917171             -349.2975758506164            1.6555376185287998            -350.9531134691452            2546.49892674665              0.035280959018698356          0.007248219639659502          
