CMo16S32_1fa8b7
time                          T                             E_tot                         E_kin                         E_pot                         V                             MSD                           P_internal                    
0                             300.00000000000006            -344.5488650306413            1.9001213393563958            -346.4489863699977            2546.49892674665              0.0                           0.017471269418179326          
250.0                         380.2568884438634             -348.5923691615887            2.408447427231497             -351.0008165888202            2546.49892674665              0.03980515666225304           0.002673308827504158          
500.0                         273.80860833312727            -349.3841181728515            1.7342319319775081            -351.118350104829             2546.49892674665              0.03940765841733315           0.002695078949848158          
750.0                         269.6320730191945             -349.49399913087063           1.7077788523955773            -351.2017779832662            2546.49892674665              0.026614026129754442          0.0037558219064270995         
1000.0                        312.1213335127613             -349.0188074252693            1.9768946875865738            -350.9957021128559            2546.49892674665              0.029410824054888936          0.00458479711429552           
1250.0                        256.701283486337              -349.21259309341707           1.6258786219752146            -350.8384717153923            2546.49892674665              0.034992938767566845          0.0054393042697341324         
1500.0                        267.89775432202964            -349.44980486602554           1.6967941325098184            -351.14659899853535           2546.49892674665              0.03137478982832951           0.006278425910630491          
1750.0                        340.7814592759628             -348.7166813370583            2.158420409424231             -350.8751017464825            2546.49892674665              0.033355538103956237          0.006889298483914368          
2000.0                        309.0386363583816             -349.0849397153962            1.9573696921005401            -351.04230940749676           2546.49892674665              0.0341661754176274            0.003429666439651991          
2250.0                        335.0256965680577             -348.94587130588155           2.1219649176056903            -351.06783622348723           2546.49892674665              0.03120211626458376           0.004057741295103675          
2500.0                        288.45255950314987            -349.1111555019375            1.826982879013018             -350.93813838095053           2546.49892674665              0.03173315502154968           0.00344772034647197           
2750.0                        270.3149641889741             -349.08104369333796           1.7121041060094317            -350.79314779934737           2546.49892674665              0.03166960310531555           0.0069589333055263556         
3000.0                        277.93290073540066            -348.8202721140145            1.7603541186551919            -350.58062623266966           2546.49892674665              0.03155701608263214           0.0038866265237540057         
3250.0                        274.5203173307815             -348.76434636124884           1.738739710157024             -350.50308607140585           2546.49892674665              0.04272930904376837           0.008213854301968788          
3500.0                        328.39879805119915            -348.9866820753233            2.0799918799869164            -351.0666739553102            2546.49892674665              0.032355441519754786          0.004515352655175013          
3750.0                        298.34727042642464            -349.16257600583907           1.889653383586609             -351.0522293894257            2546.49892674665              0.034565427914959305          0.004110066818633822          
4000.0                        318.62517182058366            -349.06762246208876           2.0180882941079634            -351.0857107561967            2546.49892674665              0.031106948676787115          0.004475836072029504          
4250.0                        274.4962992576254             -349.334510550809             1.7385875859792437            -351.07309813678825           2546.49892674665              0.03192028155916372           0.00312011524564017           
4500.0                        329.4360475318814             -348.7368397069057            2.0865615462285185            -350.8234012531342            2546.49892674665              0.029817286801647316          0.005121949387522346          
4750.0                        296.6277785793554             -349.0030018580995            1.8787625730817232            -350.8817644311812            2546.49892674665              0.03502532012254654           0.004511525096557874          
5000.0                        308.27691246746076            -348.7615193354363            1.9525451327010859            -350.71406446813734           2546.49892674665              0.03228398226171007           0.005786549986093904          
5250.0                        354.7233012773764             -348.4839217997478            2.246724381080302             -350.7306461808281            2546.49892674665              0.03706762208896286           0.003936167576586903          
5500.0                        340.4434827186992             -348.9427341703805            2.156279754528702             -351.09901392490923           2546.49892674665              0.0297285766224415            0.006577260712684538          
5750.0                        322.53438425809884            -348.7827594677143            2.0428482206832967            -350.8256076883976            2546.49892674665              0.028520871320487765          0.004544427299733247          
6000.0                        397.05275270236416            -348.6189312368345            2.5148280275331993            -351.1337592643677            2546.49892674665              0.036269585843940765          0.004456368682467454          
6250.0                        385.85522745337624            -348.9043432927585            2.443905838621253             -351.34824913137976           2546.49892674665              0.027327540873828448          0.005779601048546488          
6500.0                        353.86557888478853            -348.61892143880016           2.241291792342302             -350.86021323114244           2546.49892674665              0.023342943766009785          0.007599392009548737          
6750.0                        258.6628384507681             -349.7635994314163            1.6383025967960012            -351.4019020282123            2546.49892674665              0.031561356076208864          0.0030385891086640183         
7000.0                        263.15229176432706            -349.4406873695105            1.6667376169397934            -351.10742498645027           2546.49892674665              0.030487911306735456          0.004366138927107777          
7250.0                        326.2990505392231             -348.91671521519584           2.0666926298043626            -350.9834078450002            2546.49892674665              0.03253319979411977           0.0036644397593461257         
7500.0                        281.31487124398666            -348.80103207046426           1.7817746330966526            -350.5828067035609            2546.49892674665              0.03770241081854758           0.003801496696393301          
7750.0                        310.15059708378647            -348.7611114414129            1.9644125597767668            -350.7255240011896            2546.49892674665              0.03204958540157614           0.003490694259059096          
8000.0                        239.75407037019247            -349.4337731219284            1.518539417693192             -350.95231253962163           2546.49892674665              0.029781217101694245          0.002788764047626705          
8250.0                        392.35762420482723            -348.5312196132811            2.4850903147025654            -351.0163099279837            2546.49892674665              0.034815987178667206          0.0035143915508434828         
8500.0                        250.6466236664954             -349.20876617888007           1.587529994221132             -350.7962961731012            2546.49892674665              0.03546475616797865           0.0016245592846914722         
8750.0                        274.42089949554463            -349.1693302811801            1.7381100236562033            -350.9074403048363            2546.49892674665              0.03959956277158014           0.004247115450990058          
9000.0                        223.8398467481341             -349.8499145572957            1.4177428980146496            -351.2676574553103            2546.49892674665              0.03480438337329192           0.00621063376492528           
9250.0                        319.134735958776              -348.7873339532644            2.0213157397504635            -350.8086496930149            2546.49892674665              0.0401009056799155            0.0032556524517948545         
9500.0                        251.98631684731882            -349.474052578324             1.5960152595580415            -351.07006783788205           2546.49892674665              0.0305080960735119            0.004850300014350135          
9750.0                        277.6643842512535             -349.3613819721713            1.7586534056502023            -351.12003537782147           2546.49892674665              0.0335005599187427            0.004231410649114749          
10000.0                       256.6460704642361             -349.2023769971762            1.6255289171702003            -350.8279059143464            2546.49892674665              0.03520231222285028           0.0032423446885043515         
10250.0                       264.0959302899929             -349.3649831921172            1.672714375937315             -351.0376975680545            2546.49892674665              0.03397710247459167           0.0038048038806615613         
10500.0                       300.6068690126643             -349.5785271224145            1.9039650885602537            -351.4824922109748            2546.49892674665              0.037045694483780645          0.003477057190196351          
10750.0                       340.20720231734197            -348.4979885409332            2.1547832164197334            -350.6527717573529            2546.49892674665              0.02788987044588089           0.004999192480464241          
11000.0                       328.8503590284541             -349.04429117352487           2.082851948816592             -351.12714312234147           2546.49892674665              0.031202409291517415          0.004113260621307573          
11250.0                       307.5693611792075             -349.4339947147749            1.9480636883627553            -351.38205840313765           2546.49892674665              0.031792729256408164          0.0036481264176249947         
11500.0                       393.12343011460007            -348.56977858659513           2.4899407285391137            -351.05971931513426           2546.49892674665              0.03428247224173502           0.002383082238327476          
11750.0                       305.04006089075443            -348.4166981397158            1.9320437635236558            -350.34874190323944           2546.49892674665              0.034507703533550454          0.0024434237369161216         
12000.0                       245.78581113522867            -348.9593416876112            1.5567428821635625            -350.51608456977476           2546.49892674665              0.03498511373452264           0.005275243068917472          
12250.0                       269.99206777578274            -349.29817650596266           1.7100589647924098            -351.0082354707551            2546.49892674665              0.0317909433081819            0.0035752789026095738         
12500.0                       346.1369255887454             -348.6321052653068            2.1923405288346394            -350.8244457941414            2546.49892674665              0.029472623174523524          0.005581234334139432          
