CMo16S32_924ce0
time                          T                             E_tot                         E_kin                         E_pot                         V                             MSD                           P_internal                    
0                             299.9999999999999             -344.5488650306413            1.9001213393563945            -346.4489863699977            2546.49892674665              0.0                           0.01747126941817932           
250.0                         269.6675707446399             -348.22144160786155           1.7080036856809686            -349.9294452935425            2546.49892674665              0.006168950504290505          0.008278611001785011          
500.0                         313.8955869382655             -347.8417441671232            1.988132343570663             -349.82987651069385           2546.49892674665              0.009029029163473768          0.008624873530273353          
750.0                         317.5202162286698             -348.0109536224953            2.011089795110508             -350.02204341760586           2546.49892674665              0.005815430989850884          0.007958037403315474          
1000.0                        315.5010929798178             -348.07342211715513           1.9983011978707268            -350.07172331502585           2546.49892674665              0.005483709497496329          0.009321387407964605          
1250.0                        267.67634541477673            -348.2123994638493            1.695391786545169             -349.90779125039444           2546.49892674665              0.0054078092325679375         0.010003868243390562          
1500.0                        317.30336104215627            -347.67145791034767           2.0097162912190263            -349.6811742015667            2546.49892674665              0.007045706436224946          0.00876913123845756           
1750.0                        274.5555177946105             -348.20825629289544           1.73896266066528              -349.9472189535607            2546.49892674665              0.0070101799211098265         0.009422389890263496          
2000.0                        278.64186811304313            -348.3600241771217            1.7648445321324118            -350.12486870925414           2546.49892674665              0.01178255299440717           0.009061248559466705          
2250.0                        265.8057710208961             -348.49919197450646           1.683544058802948             -350.1827360333094            2546.49892674665              0.015528530274653583          0.007425054646052529          
2500.0                        304.4645364251864             -348.3050337334817            1.9283985424624974            -350.2334322759442            2546.49892674665              0.013493749483639572          0.006160507950200437          
2750.0                        290.9351189122708             -348.4670344202547            1.8427067593779873            -350.3097411796327            2546.49892674665              0.021726389248841006          0.005289360001889245          
3000.0                        306.928379605923              -348.90346217612733           1.944003879144315             -350.84746605527164           2546.49892674665              0.02242093128559789           0.00286475564461976           
3250.0                        337.2268909162429             -348.90117132296115           2.135906705449215             -351.03707802841035           2546.49892674665              0.02726318324444042           0.007470539574568543          
3500.0                        320.0242173987226             -348.49236799848535           2.0269494819671436            -350.5193174804525            2546.49892674665              0.04000369439886042           0.003400512239191602          
3750.0                        290.0250240457192             -348.95127127904817           1.8369424571220758            -350.78821373617023           2546.49892674665              0.031203349227337803          0.005105420956007575          
4000.0                        302.68385699766134            -349.15193949235373           1.9171201858665197            -351.06905967822024           2546.49892674665              0.026411323853209285          0.0050345421426770745         
4250.0                        245.81579139992596            -349.67258255706076           1.5569327692992654            -351.22951532636              2546.49892674665              0.034772789373760146          0.0034621129945275504         
4500.0                        309.94870876341497            -348.8177714663131            1.9631338520910844            -350.78090531840417           2546.49892674665              0.03239082736737257           0.003962371424004066          
4750.0                        340.6765414722053             -348.56697434100954           2.1577558875649046            -350.72473022857446           2546.49892674665              0.027868630976313313          0.007821375237879812          
5000.0                        333.78686130279715            -348.48032806906355           2.1141184598607943            -350.5944465289243            2546.49892674665              0.028200558175318177          0.006705023345139116          
5250.0                        317.28721170223383            -348.9484166158035            2.009614005534349             -350.95803062133785           2546.49892674665              0.03562828118598764           0.0020925745016211928         
5500.0                        276.87828146053306            -349.5780321710906            1.7536744366916168            -351.3317066077822            2546.49892674665              0.028258384820055823          0.0038827537239811555         
5750.0                        270.86279515548216            -349.0762970077509            1.7155739237088392            -350.79187093145975           2546.49892674665              0.03484976319105957           0.0020866178549534295         
6000.0                        274.36631025594846            -348.7698947887096            1.7377642697260172            -350.50765905843565           2546.49892674665              0.02635445280205483           0.002520423083394129          
6250.0                        298.33532165691076            -348.7803635536578            1.8895777032135008            -350.6699412568713            2546.49892674665              0.036548471174784665          0.0029490652641054288         
6500.0                        235.11930212368333            -349.5903323542354            1.4891840108659804            -351.07951636510137           2546.49892674665              0.03261438287191523           0.005240172235239031          
6750.0                        317.7156112881372             -349.3710704518806            2.0123273761841705            -351.38339782806474           2546.49892674665              0.032085068511401034          0.00423988226645958           
7000.0                        330.5652636393426             -349.12289886664814           2.093713704970292             -351.21661257161844           2546.49892674665              0.031333151529361745          0.005431198355228134          
7250.0                        257.28891225979856            -349.43193229635745           1.6296005085487952            -351.0615328049062            2546.49892674665              0.029002969625422953          0.00415769234579596           
7500.0                        318.6067315137121             -348.84148550666333           2.017971498039327             -350.8594570047027            2546.49892674665              0.031084033377045066          0.0031825738896091543         
7750.0                        379.94278564681014            -348.77527771138597           2.406457982473389             -351.18173569385937           2546.49892674665              0.0318996983379785            0.005035814666970066          
8000.0                        293.0186810372775             -349.0687658340989            1.8559034955633202            -350.9246693296622            2546.49892674665              0.0326738158798008            0.005641338473090248          
8250.0                        274.36594993867953            -349.3672167039193            1.7377619875709116            -351.10497869149026           2546.49892674665              0.03409687136363505           0.0030370418315991735         
8500.0                        240.37506393387702            -349.21644224048197           1.5224726280997252            -350.7389148685817            2546.49892674665              0.03049339349780989           0.0034727615025876867         
8750.0                        284.72959557843467            -349.5809090652193            1.8034026016830003            -351.3843116669023            2546.49892674665              0.02950325605503496           0.00421886125846468           
9000.0                        273.97123173910154            -348.95815797982715           1.7352619459907432            -350.6934199258179            2546.49892674665              0.03477749975355813           0.002626929321439337          
9250.0                        329.01393862438107            -348.8636867910416            2.0838880190862725            -350.94757481012783           2546.49892674665              0.031224440063137418          0.0025290034251860944         
9500.0                        286.460466192466              -349.4027823888533            1.8143654823142865            -351.2171478711676            2546.49892674665              0.03461460029286753           0.0054350978308324            
9750.0                        273.24602232798               -348.76853034837853           1.7306686597321626            -350.4991990081107            2546.49892674665              0.035528110201368854          0.003176336495739831          
10000.0                       302.25354979920286            -348.97211342098944           1.9143947328989541            -350.88650815388837           2546.49892674665              0.03018104850227099           0.0029535931571847925         
10250.0                       273.94870477488075            -349.16745133196287           1.7351192661059873            -350.90257059806885           2546.49892674665              0.031148726234534775          0.0031862217571189326         
10500.0                       316.7845563537325             -348.7783718778729            2.0064303183542522            -350.7848021962272            2546.49892674665              0.03166899089161869           0.003735758481442394          
10750.0                       247.96943698919057            -349.53780633056135           1.5705733957711736            -351.10837972633254           2546.49892674665              0.03928160306717285           0.002234935765885374          
11000.0                       303.5367772593311             -349.17926080996403           1.9225223591664133            -351.10178316913044           2546.49892674665              0.0370749041151759            0.006870799115693007          
11250.0                       288.3167096374235             -349.05996697055076           1.8261224415836337            -350.88608941213437           2546.49892674665              0.03320064535475184           0.0049307279474215095         
11500.0                       272.45680959927563            -349.1293118150584            1.72566999324182              -350.8549818083002            2546.49892674665              0.035334365265687014          0.004558145065165013          
11750.0                       242.909597898733              -349.6230375668797            1.53852570167288              -351.1615632685526            2546.49892674665              0.030084147614115504          0.001964328337369595          
12000.0                       315.6627531402369             -348.82062623311464           1.99932511093918              -350.81995134405383           2546.49892674665              0.030869009261773453          0.0033668247672920173         
12250.0                       325.6108410261684             -349.06153398344594           2.0623336911986847            -351.1238676746446            2546.49892674665              0.035746465766694616          0.006156542735972429          
12500.0                       346.73537762199334            -348.6421631590812            2.196130967097825             -350.838294126179             2546.49892674665              0.02688249106745416           0.0046092382088634256         
