CMo16S32_f6d8c3
time                          T                             E_tot                         E_kin                         E_pot                         V                             MSD                           P_internal                    
0                             300.00000000000006            -344.5488650306413            1.9001213393563956            -346.4489863699977            2546.49892674665              0.0                           0.017471269418179336          
250.0                         244.20503477188277            -348.60680664254687           1.5467306591610832            -350.15353730170796           2546.49892674665              0.004967773772815021          0.008376007723954514          
500.0                         342.8479641852411             -347.8766495138134            2.1715091096775794            -350.04815862349096           2546.49892674665              0.007098441951826654          0.009196841826828924          
750.0                         318.61747158225575            -347.80366754093745           2.0180395228174133            -349.82170706375484           2546.49892674665              0.009776158228741142          0.007336960285408628          
1000.0                        329.5814501354438             -348.65419668129715           2.0874824881946084            -350.74167916949176           2546.49892674665              0.023963968225232054          0.006199762956574657          
1250.0                        289.83880274780904            -348.5228979420873            1.8357629802487367            -350.358660922336             2546.49892674665              0.02351654850782491           0.0038293793619425805         
1500.0                        231.92886785608943            -348.825447278049             1.4689766367537502            -350.29442391480273           2546.49892674665              0.024682964424024144          0.006124587095796433          
1750.0                        302.12583457552165            -348.7504733476932            1.9135858181593632            -350.66405916585256           2546.49892674665              0.01913866350649882           0.00661426944422121           
2000.0                        304.48426336236645            -348.50531365884075           1.9285234877101505            -350.4338371465509            2546.49892674665              0.025662144138719038          0.003341283692348843          
2250.0                        408.8266604363959             -348.2288272526199            2.5894008719766894            -350.8182281245966            2546.49892674665              0.02419711793690995           0.006335838733266781          
2500.0                        302.20590336039766            -348.4492401123475            1.9140929528485606            -350.36333306519606           2546.49892674665              0.02237658744359854           0.003307785791661746          
2750.0                        288.3547660414274             -348.43656851590833           1.8263634808681237            -350.26293199677644           2546.49892674665              0.020821471580080495          0.0066654923976126            
3000.0                        317.63618779550364            -348.2153691849562            2.01182432860684              -350.22719351356307           2546.49892674665              0.02253579970347753           0.006500580684027026          
3250.0                        280.53931349667454            -348.91415668466817           1.7768624536780828            -350.69101913834623           2546.49892674665              0.024455071874582988          0.00304754817253499           
3500.0                        278.83290163429103            -348.71727864781764           1.7660544883665972            -350.4833331361842            2546.49892674665              0.027915563727151285          0.004107204491525409          
3750.0                        279.7386568618717             -348.60391084554374           1.771791304487129             -350.37570215003086           2546.49892674665              0.02248827793463814           0.003968848467675994          
4000.0                        314.3355322541173             -348.571277470988             1.9909188418466628            -350.56219631283466           2546.49892674665              0.024910524677444933          0.0028677964732980172         
4250.0                        263.8520653337999             -348.99958104472336           1.6711697992467034            -350.67075084397004           2546.49892674665              0.0226820409483227            0.005423309778106042          
4500.0                        227.26248584073457            -348.80675136479533           1.439420996603868             -350.2461723613992            2546.49892674665              0.0228984555367492            0.006034429493550746          
4750.0                        314.2643820455482             -348.39504899127826           1.9904681950813232            -350.3855171863596            2546.49892674665              0.017025171257715476          0.007222367112290898          
5000.0                        291.49446226100497            -348.60124653992904           1.8462494934878433            -350.4474960334169            2546.49892674665              0.0245351090976292            0.004474844949838507          
5250.0                        283.75235317090414            -348.58698843591753           1.7972130045087575            -350.3842014404263            2546.49892674665              0.022037437773104147          0.004417605799517149          
5500.0                        331.95584548956504            -348.2948904075894            2.1025212857960565            -350.39741169338544           2546.49892674665              0.023277633596491386          0.004940397589897208          
5750.0                        283.99497484797126            -348.3422631295664            1.7987497065953766            -350.1410128361618            2546.49892674665              0.019447313478349493          0.005549720739582254          
6000.0                        242.05527896618688            -349.2439616374483            1.5331146695583897            -350.7770763070067            2546.49892674665              0.023532102558076032          0.0037382886164271634         
6250.0                        326.24580109305873            -348.3516194919965            2.0663553617744763            -350.41797485377094           2546.49892674665              0.02342483941605876           0.0050019635030266            
6500.0                        237.8975407882761             -349.2117641925601            1.506780646107373             -350.71854483866747           2546.49892674665              0.022622215960285567          0.005714432230417077          
6750.0                        288.3583835292952             -348.5909735599249            1.8263863930877653            -350.4173599530127            2546.49892674665              0.026875800655541255          0.004824703837397164          
7000.0                        322.78829387205445            -348.6090797652803            2.0444564176024462            -350.6535361828827            2546.49892674665              0.022063413861066333          0.005569996683568849          
7250.0                        317.1159737714449             -348.5674084811689            2.0085294293796845            -350.5759379105486            2546.49892674665              0.022114434285017547          0.0046164388374175455         
7500.0                        310.9887927111684             -348.7407674076372            1.9697214711039124            -350.7104888787411            2546.49892674665              0.020884707322152554          0.00523861433779391           
7750.0                        304.10375823170875            -348.2978729166555            1.9261134679818261            -350.2239863846373            2546.49892674665              0.024344849601254673          0.0028150394540568465         
8000.0                        363.1151384289333             -348.07613449420916           2.2998760772405586            -350.37601057144974           2546.49892674665              0.02304077444152993           0.0069223307896676654         
8250.0                        297.6435470771952             -348.5662837192448            1.8851961844103615            -350.4514799036551            2546.49892674665              0.02828138154165479           0.0032464631371762597         
8500.0                        242.57975443503193            -348.9905617138746            1.5364365596594611            -350.5269982735341            2546.49892674665              0.023100849472509646          0.00500476523182125           
8750.0                        304.79645567851685            -348.44139632622847           1.9305008319831523            -350.3718971582116            2546.49892674665              0.021685682924144856          0.0031343738587317938         
9000.0                        328.8906440991157             -348.5681348414112            2.083107103891331             -350.65124194530256           2546.49892674665              0.020880340443480385          0.006709715102849282          
9250.0                        302.3462578608408             -348.58649849541985           1.9149819214531165            -350.50148041687294           2546.49892674665              0.02294693733718649           0.004814835181581386          
9500.0                        222.97794352749952            -348.9313764038174            1.4122838290080235            -350.3436602328254            2546.49892674665              0.023221606217174985          0.004140448590815969          
9750.0                        299.5039254019552             -348.41694189498213           1.8969793329242035            -350.31392122790635           2546.49892674665              0.02090501116915086           0.00575915660572758           
10000.0                       351.59674858754744            -348.53278442793953           2.226921616131748             -350.75970604407127           2546.49892674665              0.0218636652749724            0.0063329479927795905         
10250.0                       307.3939769504305             -348.67692487735826           1.946952850643803             -350.62387772800207           2546.49892674665              0.017663569916579924          0.006862676429578323          
10500.0                       342.321872277293              -348.5152872306911            2.168176981475063             -350.6834642121662            2546.49892674665              0.020381940558695456          0.006990339778944644          
10750.0                       299.5658664757145             -348.52443698864874           1.8973716514443122            -350.42180864009305           2546.49892674665              0.027252265703477913          0.006154133686769193          
11000.0                       355.1893524552311             -348.0344544120883            2.2496762270412147            -350.2841306391295            2546.49892674665              0.025797814100597564          0.007066060054405995          
11250.0                       317.8567815459838             -348.46711327569136           2.013221511582226             -350.4803347872736            2546.49892674665              0.020414739044092314          0.0068481038435057465         
11500.0                       314.85324715582544            -348.4138365151177            1.9941979122881242            -350.4080344274058            2546.49892674665              0.02059859388161431           0.0051997853411816335         
11750.0                       281.3418043683011             -348.35881706430735           1.7819452204441375            -350.1407622847515            2546.49892674665              0.024252358603855727          0.0069289776109646315         
12000.0                       336.67912338775153            -347.99857466818673           2.132437289549572             -350.1310119577363            2546.49892674665              0.026271170995724232          0.005691104066785598          
12250.0                       362.98300635071485            -347.85821935454794           2.2990391873024376            -350.15725854185035           2546.49892674665              0.02313758236365652           0.0065587523848626705         
12500.0                       341.4413870047794             -347.91782094736385           2.1626002186240894            -350.08042116598796           2546.49892674665              0.023376610103597425          0.0021215925007975205         
