CMo16S32_3bbe18
time                          T                             E_tot                         E_kin                         E_pot                         V                             MSD                           P_internal                    
0                             300.00000000000017            -344.54886503064137           1.9001213393563963            -346.4489863699978            2546.49892674665              0.0                           0.017471269418179298          
250.0                         253.86531655901177            -348.50157145252206           1.6079163510541492            -350.1094878035762            2546.49892674665              0.0050797665159467795         0.0079351281250082            
500.0                         273.33746779443464            -348.2275976448088            1.731247851339489             -349.9588454961483            2546.49892674665              0.004643297075423097          0.0077213507878924935         
750.0                         304.9081096988466             -347.8836657364459            1.931208019271997             -349.8148737557179            2546.49892674665              0.005189953730330524          0.0065575826134602645         
1000.0                        269.31950508126425            -348.10032092498733           1.705799129032711             -349.80612005402              2546.49892674665              0.00632299823015151           0.009367954305303091          
1250.0                        253.2972767622647             -348.24322375069494           1.6043185359228065            -349.84754228661774           2546.49892674665              0.005484150267811142          0.008692029036020262          
1500.0                        321.82061345602705            -348.03647542192266           2.0383273835752096            -350.0748028054979            2546.49892674665              0.007544450967904216          0.008748251267579379          
1750.0                        334.4818864511128             -348.0779186055871            2.1185205669131406            -350.1964391725003            2546.49892674665              0.009508867574004324          0.0056342356329084934         
2000.0                        292.7802891632126             -347.758772465718             1.8543935839398544            -349.6131660496578            2546.49892674665              0.014629540294422594          0.009867885255717568          
2250.0                        424.4476871011064             -347.97917600908977           2.6883403590042616            -350.667516368094             2546.49892674665              0.022646101054362367          0.00675190798061305           
2500.0                        285.01078872945953            -349.0181586876188            1.8051836053721442            -350.8233422929909            2546.49892674665              0.030313091151261337          0.004506732916163735          
2750.0                        287.54801507837374            -349.28044713138905           1.8212537317999749            -351.101700863189             2546.49892674665              0.03731143385122449           0.003124774282026689          
3000.0                        311.5304292666716             -349.0569963558269            1.9731520550282027            -351.03014841085513           2546.49892674665              0.028552024831461548          0.0048894215615948875         
3250.0                        356.1531621649865             -349.0390986803504            2.255780745029832             -351.2948794253802            2546.49892674665              0.035888597846163606          0.0027086538457423708         
3500.0                        319.3003240129251             -349.1670894648887            2.022364531067901             -351.1894539959566            2546.49892674665              0.03467446371332843           0.003886268849034588          
3750.0                        307.36020780818257            -348.8263398347156            1.946738965751146             -350.77307880046675           2546.49892674665              0.03892245988608664           0.008583970518954076          
4000.0                        276.57051209865773            -349.2832760158637            1.7517251062512855            -351.035001122115             2546.49892674665              0.029206297827409373          0.003884702039508947          
4250.0                        362.95749921357685            -347.98506174277844           2.2988776317838315            -350.2839393745623            2546.49892674665              0.029278355509433997          0.004862966477923518          
4500.0                        297.6616489443451             -349.07107076087436           1.8853108368905405            -350.9563815977649            2546.49892674665              0.039361063095543894          0.003674178865196059          
4750.0                        316.34304352527016            -348.69159814404424           2.0036338918643826            -350.69523203590865           2546.49892674665              0.032684437639925894          0.0047742350460188215         
5000.0                        304.72263152848313            -349.1247801272345            1.9300332491736891            -351.05481337640816           2546.49892674665              0.02612465399775505           0.0027211500862725107         
5250.0                        308.17640189799965            -349.3395754473837            1.9519085251082062            -351.2914839724919            2546.49892674665              0.031041785707359323          0.0037933312297966644         
5500.0                        273.24097249374               -348.9199498611795            1.730636675406164             -350.65058653658565           2546.49892674665              0.027691653334636277          0.005066638473598976          
5750.0                        326.89062282375795            -348.7974174471076            2.070439493543084             -350.86785694065065           2546.49892674665              0.03192044223940855           0.0031728823621828446         
6000.0                        264.5196654813619             -349.40064485295164           1.6753982035351702            -351.0760430564868            2546.49892674665              0.02699808925897528           0.0033527607453253533         
6250.0                        400.7153231267476             -348.4464658323201            2.5380257882674213            -350.9844916205875            2546.49892674665              0.02949522970687804           0.0035526080093928243         
6500.0                        349.7981288185122             -348.9938344016076            2.215529630116641             -351.20936403172425           2546.49892674665              0.03361610275287081           0.0032897546463034736         
6750.0                        238.649128373273              -349.3265651742335            1.511541004802866             -350.8381061790364            2546.49892674665              0.04174308625468892           0.002888308045939115          
7000.0                        337.47598425669497            -348.7161140547032            2.13748439735483              -350.85359845205807           2546.49892674665              0.032673597365242044          0.004789196474489603          
7250.0                        323.8919905073992             -348.7785980843127            2.0514469426990942            -350.8300450270118            2546.49892674665              0.03369985606171863           0.004085553740734279          
7500.0                        316.87895158941257            -348.6433219584962            2.0070281930264167            -350.6503501515226            2546.49892674665              0.034407437927618995          0.001901977825594995          
7750.0                        305.5586033026999             -349.16478107218506           1.9353280751979856            -351.100109147383             2546.49892674665              0.029830183415673533          0.0030477772953720317         
8000.0                        358.6975633010283             -348.7630671154282            2.2718963146780844            -351.0349634301063            2546.49892674665              0.03303479472973888           0.0027870734033582528         
8250.0                        298.0074971290444             -349.5692882275959            1.8875013486102898            -351.4567895762062            2546.49892674665              0.035420889376716454          0.005640349484039371          
8500.0                        322.3421941105                -348.9052095800007            2.0416309386810747            -350.94684051868177           2546.49892674665              0.03555702321594736           0.0034211053997799576         
8750.0                        338.52961434520057            -348.9263400123411            2.144157814071355             -351.07049782641246           2546.49892674665              0.038306445853032556          0.0057339977624046405         
9000.0                        218.21739783907083            -349.3133184599947            1.3821317808428089            -350.69545024083754           2546.49892674665              0.03669706461877346           0.004310568616779655          
9250.0                        286.12614955216935            -348.71259353076124           1.8122480083731876            -350.5248415391344            2546.49892674665              0.04082116903665154           0.004646765962963661          
9500.0                        267.87865695229584            -349.58657212567874           1.6966731747772958            -351.28324530045603           2546.49892674665              0.03273829869793749           0.004141203755235686          
9750.0                        297.3019065128359             -349.1210325904317            1.8830323226545986            -351.00406491308627           2546.49892674665              0.034660917988966054          0.0020137520504164915         
10000.0                       257.47439641682604            -349.08350670274496           1.6307753165650631            -350.71428201931              2546.49892674665              0.034072597507872907          0.00487928841608699           
10250.0                       313.50151884747373            -348.89403938193743           1.9856364196090868            -350.8796758015465            2546.49892674665              0.03211598070345471           0.0033598073153939772         
10500.0                       277.966983452674              -349.069620076926             1.76056998964984              -350.8301900665759            2546.49892674665              0.03360517970614097           0.0024397191524005465         
10750.0                       299.8958403946668             -349.16165457658855           1.8994616197270866            -351.06111619631565           2546.49892674665              0.02965956544203682           0.006250374247979471          
11000.0                       296.7718602669169             -348.9413196878186            1.8796751487122108            -350.8209948365308            2546.49892674665              0.03284463172418613           0.004172823491307206          
11250.0                       319.1771274222315             -348.39289610607557           2.0215842361648577            -350.41448034224044           2546.49892674665              0.03188872183449998           0.004908291738646789          
11500.0                       248.7012534612972             -349.52607741355024           1.575208529421648             -351.1012859429719            2546.49892674665              0.03978540726549677           0.004723570212455549          
11750.0                       322.7391635809935             -348.80347178749              2.0441452392209336            -350.84761702671096           2546.49892674665              0.03580887960369471           0.004972033728482253          
12000.0                       320.52516081307147            -348.56155627783323           2.0301223262051913            -350.5916786040384            2546.49892674665              0.029736049237403608          0.0023926767658750355         
12250.0                       274.84589830187826            -349.12063161259414           1.7408018546599218            -350.8614334672541            2546.49892674665              0.03181016073937127           0.004287202836188765          
12500.0                       282.80822207049926            -349.08242670312296           1.791233125671993             -350.8736598287949            2546.49892674665              0.0283402762480294            0.002368243197050675          
