CMo16S32_e6d43d
time                          T                             E_tot                         E_kin                         E_pot                         V                             MSD                           P_internal                    
0                             299.99999999999983            -344.5488650306413            1.9001213393563943            -346.4489863699977            2546.49892674665              0.0                           0.017471269418179333          
250.0                         261.34453405468133            -348.60469426984              1.6552877536048474            -350.2599820234449            2546.49892674665              0.0054684220845041            0.007023499608635758          
500.0                         260.59768561617057            -348.9125419811347            1.6505574114205828            -350.56309939255533           2546.49892674665              0.023524428495569915          0.005072479589798526          
750.0                         251.88553714320832            -349.0996948393287            1.5953769473368602            -350.6950717866656            2546.49892674665              0.028844300088678134          0.0025227810917479404         
1000.0                        297.38524320488636            -349.16512240998156           1.8835601554109869            -351.04868256539254           2546.49892674665              0.02979462534802088           0.004599271609679611          
1250.0                        278.1588887081782             -349.25248076248226           1.7617854672202335            -351.0142662297025            2546.49892674665              0.030607159768162567          0.00415573530249197           
1500.0                        348.5770719329179             -348.71304525545315           2.2077957759670217            -350.9208410314202            2546.49892674665              0.03481593651114444           0.0035614881223619953         
1750.0                        283.66361990239386            -349.2428522956109            1.7966509912520667            -351.03950328686295           2546.49892674665              0.03012492734035963           0.003910013866275458          
2000.0                        272.8406323187088             -349.4580037208797            1.728101025707569             -351.18610474658726           2546.49892674665              0.03421904063907507           0.0034143215498147026         
2250.0                        302.8070409082882             -349.1664932601511            1.9179004004573443            -351.0843936606085            2546.49892674665              0.037994553135567946          0.005231822222442309          
2500.0                        266.9183358602822             -349.60024331291953           1.6905907527787318            -351.2908340656983            2546.49892674665              0.030170897563408614          0.0055713567781347124         
2750.0                        271.7515319084183             -348.7155981655323            1.7212029492732532            -350.4368011148056            2546.49892674665              0.02871363954331809           0.008654136566737186          
3000.0                        285.0524409387279             -349.0279937436518            1.8054474195443515            -350.83344116319614           2546.49892674665              0.035483046859078396          0.00358457656002649           
3250.0                        327.1022724573796             -348.68255995885096           2.0717800268274558            -350.7543399856784            2546.49892674665              0.03605923718807041           0.004328484262051493          
3500.0                        310.5524135330612             -349.0856931125064            1.966957559809338             -351.05265067231574           2546.49892674665              0.0375038602268048            0.006277586877953915          
3750.0                        304.3042953821444             -349.3622277817504            1.9273836177114145            -351.2896113994618            2546.49892674665              0.03573991637346043           0.005118534921999718          
4000.0                        239.23472688133177            -349.169118425696             1.5152500322077251            -350.68436845790376           2546.49892674665              0.027552176865331863          0.0048552952541030155         
4250.0                        282.71351137476023            -348.6960544784981            1.7906332529585296            -350.48668773145664           2546.49892674665              0.04176975261946338           0.004679281197037394          
4500.0                        281.5541263768637             -349.55289878251335           1.7832900123750866            -351.3361887948884            2546.49892674665              0.032574969946409064          0.003608261050718837          
4750.0                        285.63024549462693            -349.23328659505773           1.8091070820998219            -351.0423936771576            2546.49892674665              0.029956933815783588          0.004668402878709528          
5000.0                        296.5698583668018             -349.22480924754814           1.878395721642213             -351.10320496919036           2546.49892674665              0.027960650070514386          0.003975012481614948          
5250.0                        272.3044576691719             -349.06948354543323           1.7247050360635459            -350.79418858149677           2546.49892674665              0.03134983013688825           0.0034585933240808067         
5500.0                        319.4779330411136             -348.8805618556449            2.0234894600829785            -350.9040513157279            2546.49892674665              0.03428107320888305           0.005001772902773991          
5750.0                        304.35757600757046            -349.4050139081158            1.9277210832225689            -351.3327349913384            2546.49892674665              0.036946375486635256          0.0054732306121226424         
6000.0                        284.8600898987554             -348.7003462536826            1.8042291184920212            -350.5045753721746            2546.49892674665              0.030225223774221807          0.006347028300439748          
6250.0                        354.3892731369064             -348.52173867397306           2.24460873442146              -350.7663474083945            2546.49892674665              0.04010811245896235           0.006087958470969664          
6500.0                        321.25004345154946            -349.16454653198196           2.0347135427715277            -351.1992600747535            2546.49892674665              0.035898481952590176          0.00483674198159465           
6750.0                        259.8785674597756             -349.28706376755406           1.6460027055723003            -350.93306647312636           2546.49892674665              0.03454209971175664           0.004988949589567564          
7000.0                        292.0783946363718             -348.98036083146303           1.8499479680450954            -350.83030879950815           2546.49892674665              0.032528673160614544          0.004818747886860231          
7250.0                        301.46991809380165            -349.4863690899111            1.9094314151468574            -351.39580050505793           2546.49892674665              0.036955338849450986          0.004192002489492156          
7500.0                        301.6902903132792             -349.3657147651196            1.9108271950029596            -351.2765419601226            2546.49892674665              0.0307357456548083            0.004955729781750177          
7750.0                        298.4353095632816             -349.2390966388636            1.8902110003954102            -351.129307639259             2546.49892674665              0.03517746419439552           0.003857378042761431          
8000.0                        288.5684150584113             -349.16793464768324           1.8277166777224687            -350.99565132540573           2546.49892674665              0.035162948909017305          0.0032808124798109485         
8250.0                        294.3031168431121             -349.0829557125411            1.8640387751756529            -350.9469944877167            2546.49892674665              0.03533436350635246           0.0037737028231109005         
8500.0                        342.1362039219882             -348.8415688858705            2.1670010067952035            -351.0085698926657            2546.49892674665              0.031562101131107585          0.003783933256445615          
8750.0                        323.0163442764008             -349.21444498516547           2.0459008290682705            -351.26034581423374           2546.49892674665              0.03165968470829639           0.004851743685779004          
9000.0                        341.7622927606694             -348.4752818603648            2.164632751539719             -350.63991461190454           2546.49892674665              0.03381722257091765           0.006187423275615435          
9250.0                        272.73265045532395            -349.07861916708976           1.7274170968979659            -350.8060362639877            2546.49892674665              0.03158016757322467           0.0022613590038180293         
9500.0                        324.46939252632984            -348.63186424926613           2.055104055690953             -350.6869683049571            2546.49892674665              0.02667802694544834           0.0030369191776088056         
9750.0                        328.5429966387965             -349.1519009243812            2.080905196031579             -351.23280612041276           2546.49892674665              0.03592298980895442           0.003383119723428465          
10000.0                       373.16643865995763            -348.737052566205             2.3635383774313827            -351.1005909436364            2546.49892674665              0.030961863274916998          0.0059838106577121165         
10250.0                       396.88340871298954            -348.2952306144903            2.513755447106858             -350.8089860615972            2546.49892674665              0.0252887913405935            0.004867894261417549          
10500.0                       396.90864002665126            -348.9948990974308            2.5139152556318867            -351.5088143530627            2546.49892674665              0.03308045851243335           0.0038108501487908726         
10750.0                       270.91319688401086            -349.057151274744             1.7158931550418983            -350.7730444297859            2546.49892674665              0.03206753192342583           0.005257432289282698          
11000.0                       290.01360669075916            -348.95367302358227           1.8368701425894138            -350.7905431661717            2546.49892674665              0.03161608536002877           0.004687181278830023          
11250.0                       244.59658500050014            -349.56650405297745           1.5492106356438358            -351.11571468862127           2546.49892674665              0.027878202117280187          0.003909355440859029          
11500.0                       343.85422320615845            -348.7644187221972            2.1778824904727956            -350.94230121267              2546.49892674665              0.0333042727519262            0.0052916093088752995         
11750.0                       264.44868780305745            -349.13804649535194           1.6749486495312893            -350.81299514488325           2546.49892674665              0.031066739714914027          0.005710375140608282          
12000.0                       339.50250414377865            -348.4657702777388            2.150319842961756             -350.61609012070056           2546.49892674665              0.04138532408990558           0.003597934924524456          
12250.0                       292.7260292330588             -349.0313891161057            1.85404991576933              -350.885439031875             2546.49892674665              0.026709876424567458          0.0036455098636002966         
12500.0                       289.718041736679              -348.7189474792245            1.8349981116680352            -350.5539455908925            2546.49892674665              0.03533985877946416           0.004417481913298879          
