CMo16S32_8780dc
time                          T                             E_tot                         E_kin                         E_pot                         V                             MSD                           P_internal                    
0                             300.00000000000006            -344.5488650306413            1.9001213393563958            -346.4489863699977            2546.49892674665              0.0                           0.017471269418179326          
250.0                         323.7006264130513             -347.59008673729073           2.0502348927015706            -349.6403216299923            2546.49892674665              0.0072560829351992345         0.010309247905674425          
500.0                         313.8683535464526             -347.9182696359075            1.987959854407574             -349.90622949031507           2546.49892674665              0.006332137847836408          0.00734436431127465           
750.0                         288.19006406564813            -348.20254538926264           1.8253203017387492            -350.0278656910014            2546.49892674665              0.006808177298515132          0.00869823116077941           
1000.0                        272.8415121311129             -348.21179334768823           1.728106598208648             -349.93989994589685           2546.49892674665              0.006079606380904361          0.006598192610226734          
1250.0                        271.18663740149145            -348.4492706684652            1.7176250555829302            -350.1668957240481            2546.49892674665              0.00603762680088043           0.009308791052358547          
1500.0                        303.2960394685612             -347.88481832496666           1.9209975891216424            -349.8058159140883            2546.49892674665              0.005848426487505525          0.01158083730652313           
1750.0                        289.3840838426618             -348.3109189302147            1.8328829099318065            -350.1438018401465            2546.49892674665              0.006466034253146285          0.008684489584363735          
2000.0                        382.2373644488658             -347.64031218901005           2.420991242962125             -350.0613034319722            2546.49892674665              0.006909836803748754          0.005964580919262815          
2250.0                        299.2815558137483             -348.209257921744             1.895570902258284             -350.10482882400225           2546.49892674665              0.00643298295029107           0.0069097279798370015         
2500.0                        288.0189891969204             -348.15047134009427           1.8242367583764254            -349.97470809847067           2546.49892674665              0.009940159822563807          0.006777552992934589          
2750.0                        251.7265199321022             -348.51584787052985           1.594369774016368             -350.1102176445462            2546.49892674665              0.006172964947414501          0.00738306334115792           
3000.0                        252.33283089480202            -348.198695307354             1.5982099886780734            -349.7969052960321            2546.49892674665              0.00664412515901439           0.007795029287366533          
3250.0                        286.2953952239286             -348.15633418770125           1.8133199660815327            -349.96965415378276           2546.49892674665              0.006401812552776758          0.010686605551494229          
3500.0                        255.20413222423423            -348.4468532496364            1.6163960584373285            -350.0632493080737            2546.49892674665              0.007238024242481823          0.005783640349649631          
3750.0                        268.6095072406973             -348.0306820393591            1.7013021888735174            -349.7319842282326            2546.49892674665              0.006658076102994312          0.008036296618714984          
4000.0                        309.14180159785354            -348.38999362593376           1.9580231136772084            -350.34801673961096           2546.49892674665              0.006284146943311449          0.008840946871319947          
4250.0                        310.9844868916648             -347.9293127730873            1.9696941991721715            -349.8990069722595            2546.49892674665              0.006929324066461151          0.006899277712894358          
4500.0                        279.17293437611096            -348.30538580297434           1.76820816659597              -350.0735939695703            2546.49892674665              0.006052854230383003          0.008899780987781257          
4750.0                        364.8612794611549             -347.64318227580867           2.3109356766967255            -349.9541179525054            2546.49892674665              0.009645105708549073          0.011125634212965469          
5000.0                        292.09829618934504            -348.57721354145224           1.8500740192633978            -350.4272875607156            2546.49892674665              0.021594098984366875          0.007521164936706806          
5250.0                        320.603015088831              -348.7433304431331            2.030615434774294             -350.7739458779074            2546.49892674665              0.024833634327459483          0.005304642335493049          
5500.0                        393.5949835362566             -348.39238126723325           2.492927424269568             -350.8853086915028            2546.49892674665              0.03233508737416332           0.003368818220718763          
5750.0                        285.89300441036556            -348.9934842129363            1.8107713281761588            -350.80425554111247           2546.49892674665              0.03514062755963142           0.005796374817121852          
6000.0                        275.23265223248654            -349.4970254536506            1.7432514526486842            -351.2402769062993            2546.49892674665              0.035906634917873735          0.004674977500602914          
6250.0                        252.57241664366052            -349.6225524465463            1.5997274619914459            -351.22227990853776           2546.49892674665              0.02791738608230207           0.005901752401312393          
6500.0                        312.8117285056953             -349.10441655759047           1.9812674684487699            -351.08568402603925           2546.49892674665              0.02814123208713035           0.003801318945422885          
6750.0                        312.6783233342549             -349.19677050438895           1.9804225150719883            -351.17719301946096           2546.49892674665              0.026828768059559513          0.00499634473777706           
7000.0                        281.34085945305804            -349.17264290866893           1.781939235598747             -350.9545821442677            2546.49892674665              0.03302704427676949           0.0031391840068288428         
7250.0                        288.6186514832098             -349.39571378485505           1.8280348620650444            -351.2237486469201            2546.49892674665              0.032279149567611826          0.005251429747855664          
7500.0                        331.8536836436216             -348.6950534391805            2.101874219450906             -350.79692765863143           2546.49892674665              0.03124980995775133           0.0035123868491443236         
7750.0                        365.4090582270633             -348.4633761337499            2.314405163771222             -350.7777812975211            2546.49892674665              0.037058537792062335          0.004621025909723874          
8000.0                        275.45636482348345            -349.4370883132321            1.7446683895421373            -351.18175670277424           2546.49892674665              0.030050402440898783          0.005442739038675766          
8250.0                        226.01855005442582            -349.8926787411289            1.4315422334960202            -351.32422097462495           2546.49892674665              0.035593658429378366          0.005040070167551569          
8500.0                        256.50314261056565            -349.159593291163             1.6246236496210416            -350.784216940784             2546.49892674665              0.0328768410461983            0.0069417952882629905         
8750.0                        311.6467295867216             -349.37021078930746           1.973888670761206             -351.34409946006866           2546.49892674665              0.03201316199432378           0.004288900525059315          
9000.0                        255.87234761712443            -349.3416363138793            1.6206283595283855            -350.9622646734077            2546.49892674665              0.03694922036075491           0.005572264970030103          
9250.0                        226.66545702057468            -349.4243057622749            1.4356395725992128            -350.8599453348741            2546.49892674665              0.026233693765902906          0.005494239296945028          
9500.0                        284.39828538257547            -349.1430172928772            1.8013041697726722            -350.94432146264984           2546.49892674665              0.03233417518966534           0.00306484652483385           
9750.0                        321.0970279807122             -348.5544948747876            2.0337443829002293            -350.58823925768786           2546.49892674665              0.03308129255943755           0.003804924793593164          
10000.0                       292.6722880875169             -348.9713639852978            1.8537095334445113            -350.8250735187423            2546.49892674665              0.03367813861124639           0.006613370783848744          
10250.0                       306.6555618858875             -349.40369095025187           1.9422759232390017            -351.34596687349085           2546.49892674665              0.03155096803384106           0.004178495277138771          
10500.0                       294.4259423585215             -349.22839529339757           1.8648167197851426            -351.0932120131827            2546.49892674665              0.04349604697772161           0.0050786799348680875         
10750.0                       369.9539071328737             -348.6214579456185            2.343191045071492             -350.96464899068997           2546.49892674665              0.030105383715150556          0.007327989172311864          
11000.0                       273.0294768339757             -349.46007955833574           1.7292971173518328            -351.1893766756876            2546.49892674665              0.034884429624085396          0.004594892432777976          
11250.0                       264.39117756829256            -349.3651834841801            1.6745843947835954            -351.0397678789637            2546.49892674665              0.032785128974029534          0.005549215506991768          
11500.0                       339.60689539132653            -348.2437866120152            2.1509810297521152            -350.3947676417673            2546.49892674665              0.028856310183725527          0.005271682108206141          
11750.0                       353.1949054065107             -348.70807030253616           2.237043922382915             -350.94511422491905           2546.49892674665              0.03844595965961372           0.004174008149062577          
12000.0                       291.118285874369              -348.90864063047684           1.843866890889147             -350.752507521366             2546.49892674665              0.03190676232669403           0.006025087744771122          
12250.0                       246.12363323244472            -349.44864884957866           1.5588825587496502            -351.0075314083283            2546.49892674665              0.03414704848991856           0.002860447549454161          
12500.0                       276.5118347506362             -349.15183510710483           1.7513534593142437            -350.9031885664191            2546.49892674665              0.029993054848896635          0.004931990842140218          
