CMo16S32_8c1f7e
time                          T                             E_tot                         E_kin                         E_pot                         V                             MSD                           P_internal                    
0                             300.00000000000006            -344.5488650306413            1.9001213393563956            -346.4489863699977            2546.49892674665              0.0                           0.017471269418179308          
150.0                         334.4803812939669             -347.5142091644417            2.118511033642434             -349.63272019808414           2546.49892674665              0.009772355986329261          0.007284897563398348          
300.0                         267.1081105345117             -348.643439827272             1.6917927358059748            -350.33523256307797           2546.49892674665              0.02369651071695248           0.00665390669826952           
450.0                         328.95157852901747            -349.1530036861516            2.0834930465931905            -351.2364967327448            2546.49892674665              0.04050546498667417           0.0033348389954000438         
600.0                         314.6397105585557             -349.07642578669595           1.9928454274707712            -351.06927121416675           2546.49892674665              0.024526313810322387          0.005807142655303331          
750.0                         243.20250861559958            -349.32240521106826           1.5403809213516946            -350.86278613241996           2546.49892674665              0.03716815014520793           0.003725226920266989          
900.0                         267.80029368715464            -349.3994922022177            1.6961768424029078            -351.0956690446206            2546.49892674665              0.03246804569958858           0.004505290723921866          
1050.0                        277.86998933626967            -349.17744481776083           1.7599556543486               -350.9374004721094            2546.49892674665              0.033042616072051834          0.004247350319098874          
1200.0                        298.4566592959321             -348.8254515683986            1.890346224004073             -350.71579779240267           2546.49892674665              0.03061963826560517           0.0059359403664661315         
1350.0                        313.3032051384004             -348.98797937623027           1.9843803525740964            -350.97235972880435           2546.49892674665              0.03342486921538433           0.003457710488838103          
1500.0                        300.54219219121995            -349.1354601955798            1.9035554425316268            -351.03901563811144           2546.49892674665              0.030457140882162538          0.0039921115127616045         
1650.0                        302.60493123436186            -349.2282445479716            1.916620290776285             -351.1448648387479            2546.49892674665              0.030823089435011528          0.005988786914377424          
1800.0                        315.8743805323481             -349.01896433474207           2.0006655033516565            -351.01962983809375           2546.49892674665              0.032660943773095266          0.004506852280882884          
1950.0                        279.95481191001363            -349.04780250909465           1.7731603738857429            -350.8209628829804            2546.49892674665              0.04063271832972043           0.0021811883095309383         
2100.0                        297.1402445648911             -349.3102560400689            1.8820083982644258            -351.1922644383333            2546.49892674665              0.037755145856886475          0.0031754956112581404         
2250.0                        259.39511221347925            -349.40604419496844           1.6429406268052622            -351.04898482177373           2546.49892674665              0.025188642967700906          0.005690504079422937          
2400.0                        322.3089384026839             -349.23023886097826           2.0414203057474856            -351.2716591667257            2546.49892674665              0.03320962423542116           0.004268947562209166          
2550.0                        329.46919963408146            -349.1568271717926            2.0867715229513015            -351.2435986947439            2546.49892674665              0.03441473504396481           0.002963751987438052          
2700.0                        285.31391329367807            -349.14780101447633           1.8071035168819936            -350.9549045313583            2546.49892674665              0.027617503883507317          0.003326045048168129          
2850.0                        385.3468082474586             -348.225434517234             2.440685644679577             -350.6661201619136            2546.49892674665              0.02990818102838083           0.0053670477315886376         
3000.0                        310.6585431156338             -349.3028976605195            1.9676297567579486            -351.27052741727744           2546.49892674665              0.0365536971715062            0.004053232506816044          
3150.0                        299.46154646191616            -349.17856779701947           1.8967109158298452            -351.0752787128493            2546.49892674665              0.03431393825752799           0.003935675953313158          
3300.0                        335.6094638242123             -348.84651042368955           2.1256623463411466            -350.9721727700307            2546.49892674665              0.030798826114168464          0.003856969063733899          
3450.0                        236.72061231610525            -349.5716260275591            1.499326289757813             -351.0709523173169            2546.49892674665              0.03192516011268838           0.002398983012963359          
3600.0                        330.3482949131222             -349.08467731631623           2.0923394819480774            -351.17701679826433           2546.49892674665              0.036695908706107325          0.005141324998839398          
3750.0                        360.8022909248814             -348.9391178308046            2.2852271075834714            -351.22434493838807           2546.49892674665              0.03208053341753622           0.004262656438655579          
3900.0                        280.32689040802296            -349.99113873996845           1.7755170215323535            -351.76665576150083           2546.49892674665              0.037103354716816535          0.002414128948086857          
4050.0                        280.50542386528616            -349.02136553270407           1.776647805638803             -350.79801333834286           2546.49892674665              0.03973090247318115           0.0034770716380405618         
4200.0                        254.87547264159832            -349.517447857294             1.6143144148161603            -351.1317622721101            2546.49892674665              0.03324013331269251           0.0030283317979609152         
4350.0                        226.76306631536997            -349.48111543270977           1.4362578042790797            -350.91737323698885           2546.49892674665              0.028982864696962995          0.002951048481422329          
4500.0                        278.31900601637483            -349.49963587947747           1.7627996082672495            -351.2624354877447            2546.49892674665              0.03651916049113926           0.006391271845671561          
4650.0                        258.85527648771995            -349.118561918153             1.639521448864388             -350.7580833670174            2546.49892674665              0.03390553797763172           0.007015488414646439          
4800.0                        324.304687881051              -348.83583127552276           2.054060859653668             -350.8898921351764            2546.49892674665              0.028086115800296574          0.0032287155134551396         
4950.0                        335.61172668457823            -348.73021859863934           2.1256766787053776            -350.8558952773447            2546.49892674665              0.02921982049179142           0.0031253196920392663         
5100.0                        307.40914166377326            -348.87570801093324           1.9470488999618958            -350.8227569108951            2546.49892674665              0.039483360340096404          0.003193779655180975          
5250.0                        245.0195416913021             -349.0770473389132            1.5518895324232236            -350.6289368713364            2546.49892674665              0.03513132351049773           0.003644337221533785          
5400.0                        260.2756830623853             -349.37673073985013           1.6485179316746674            -351.0252486715248            2546.49892674665              0.02913792524300658           0.0021685199404117713         
5550.0                        269.0967800641123             -349.2764482240323            1.704388447173048             -350.9808366712054            2546.49892674665              0.03422291924101082           0.004611043168122592          
5700.0                        306.3105388033174             -348.97334182230117           1.9400906374997953            -350.91343245980096           2546.49892674665              0.03530365923887861           0.00334594799306359           
5850.0                        300.11881907916586            -349.19017246343805           1.9008739082492143            -351.09104637168724           2546.49892674665              0.02936811280511151           0.005509236108659885          
6000.0                        259.15613084219797            -349.5483043009824            1.641426981460995             -351.1897312824434            2546.49892674665              0.03736026279243971           0.005409659324668545          
