CMo16S32_f4c030
time                          T                             E_tot                         E_kin                         E_pot                         V                             MSD                           P_internal                    
0                             299.99999999999994            -344.5488650306413            1.900121339356395             -346.4489863699977            2546.49892674665              0.0                           0.017471269418179305          
250.0                         257.1029208559706             -348.4708922601448            1.6284224877642937            -350.0993147479091            2546.49892674665              0.005558405317963276          0.00860357473909034           
500.0                         403.99796056731435            -347.38106306312574           2.558817153101392             -349.93988021622715           2546.49892674665              0.006976172092523766          0.00759361858452822           
750.0                         298.93773935053326            -348.22257703661313           1.8933932589296942            -350.1159702955428            2546.49892674665              0.0053774059869009135         0.009971535791488193          
1000.0                        321.8804890566282             -347.5834980432323            2.0387066199299064            -349.62220466316217           2546.49892674665              0.006761317836812286          0.008406373105394526          
1250.0                        294.033316650188              -347.94712891780347           1.8623299314958612            -349.80945884929935           2546.49892674665              0.007096092365404938          0.009606056011845507          
1500.0                        288.27277371266166            -348.18041258748707           1.8258441629562858            -350.00625675044336           2546.49892674665              0.005093851074239894          0.00821714950532622           
1750.0                        328.23990525583315            -347.7702155316845            2.0789854946831               -349.8492010263676            2546.49892674665              0.005872313283468157          0.007855594186212204          
2000.0                        283.64185487684676            -348.3346668706195            1.796513137287088             -350.1311800079066            2546.49892674665              0.005223149366719711          0.009928286122391194          
2250.0                        282.23575138500547            -347.9206544241168            1.7876072464531174            -349.70826167056987           2546.49892674665              0.00908796922729639           0.008567487161552468          
2500.0                        257.77490914558217            -348.4012661319852            1.6326786853939224            -350.0339448173791            2546.49892674665              0.011564846999505385          0.006793565185401497          
2750.0                        284.6055658895071             -348.92165635549696           1.8026170301541835            -350.72427338565114           2546.49892674665              0.019579965946186637          0.0067962097692212215         
3000.0                        267.3224216192784             -349.2805499215463            1.6931501260240607            -350.9737000475704            2546.49892674665              0.02463919253182351           0.006290242633778258          
3250.0                        328.9213309207199             -348.25360370014135           2.0833014661732214            -350.3369051663146            2546.49892674665              0.028997580662964165          0.004948991591106859          
3500.0                        271.16276163002334            -349.0807022078277            1.7174738327067298            -350.79817604053443           2546.49892674665              0.029033112714523076          0.0034524485916629915         
3750.0                        298.31258908946               -349.35593398858697           1.8894337210917957            -351.24536770967876           2546.49892674665              0.031156989532456828          0.004438627923312712          
4000.0                        343.6187245924202             -348.3208198613358            2.1763909040016194            -350.4972107653374            2546.49892674665              0.03301817096722913           0.00421807986893864           
4250.0                        252.90104121624347            -349.32014136304593           1.6018088838681184            -350.92195024691404           2546.49892674665              0.026320480543138177          0.003670923527496728          
4500.0                        258.6027443522197             -349.27006397696755           1.6379219765325974            -350.90798595350014           2546.49892674665              0.03370486649810631           0.003912493198828935          
4750.0                        321.2600848316447             -348.8384142861226            2.0347771422401797            -350.87319142836276           2546.49892674665              0.0325715476900149            0.004242841029118379          
5000.0                        255.32444774759222            -349.24906831908464           1.6171581054152897            -350.8662264244999            2546.49892674665              0.031264646606427554          0.004686161842457885          
5250.0                        281.40745877138784            -348.641537872472             1.7823610582185636            -350.42389893069054           2546.49892674665              0.03351456011708629           0.0075205758672463536         
5500.0                        282.59625753908637            -348.8129587117959            1.7898905979075788            -350.60284930970346           2546.49892674665              0.0324337504732413            0.003979640585908304          
5750.0                        338.06628366592594            -348.7031240876526            2.1412231990351276            -350.84434728668776           2546.49892674665              0.037657899552298424          0.005883037358996955          
6000.0                        258.0760535225981             -348.96270936081066           1.6345860549172395            -350.5972954157279            2546.49892674665              0.046842655781693734          0.007206246276181184          
6250.0                        314.95651571045414            -348.4726921346104            1.9948519882359057            -350.4675441228463            2546.49892674665              0.036681841724672086          0.003953806776595054          
6500.0                        224.95118222795818            -349.7373317006435            1.4247818055493082            -351.1621135061928            2546.49892674665              0.03355315413491615           0.003313510564663598          
6750.0                        304.22737921416825            -348.53678188921344           1.926896450871038             -350.46367834008447           2546.49892674665              0.03115184441512093           0.0034408216679225195         
7000.0                        303.84362390022085            -349.3356250467651            1.9244658453339616            -351.260090892099             2546.49892674665              0.0330265971211481            0.004731577924336424          
7250.0                        287.5710751368494             -349.02975243425175           1.821399788163963             -350.8511522224157            2546.49892674665              0.028844458373078703          0.004781654651319505          
7500.0                        278.22927491332433            -348.8787200932479            1.7622312749882152            -350.64095136823613           2546.49892674665              0.030973927543369462          0.003961955353313591          
7750.0                        352.56503333604115            -348.37222876660434           2.233054477842369             -350.6052832444467            2546.49892674665              0.03376807821591539           0.004250143936060697          
8000.0                        251.53793949011362            -349.23705763900034           1.5931753549430088            -350.83023299394335           2546.49892674665              0.034459860302419106          0.0035402860202636867         
8250.0                        372.57007323954923            -348.82119189630293           2.3597611552268085            -351.18095305152974           2546.49892674665              0.02802543486844924           0.0038089506307794744         
8500.0                        267.6965480291488             -349.09454095266227           1.6955197446074326            -350.7900606972697            2546.49892674665              0.03832097907240325           0.004870904894699545          
8750.0                        285.0132905248923             -348.77943250650685           1.8051994510884393            -350.58463195759526           2546.49892674665              0.03813131257091538           0.00398438674100359           
9000.0                        276.3657884851764             -349.1706356807093            1.7504284405624653            -350.9210641212718            2546.49892674665              0.03527297350971545           0.005413016291915012          
9250.0                        307.18305578347326            -349.0866081605264            1.9456169312762785            -351.0322250918027            2546.49892674665              0.03095068904136613           0.005666147453754882          
9500.0                        293.956633207892              -348.92038421789033           1.8618442386789213            -350.78222845656927           2546.49892674665              0.03421980645694088           0.004955350119580395          
9750.0                        287.95523717638457            -348.94038595619503           1.8238329697942677            -350.7642189259893            2546.49892674665              0.03071955773575729           0.006774511258739058          
10000.0                       319.6625095655118             -348.85942289395183           2.024658519392156             -350.884081413344             2546.49892674665              0.03466793592490238           0.0031771268345753933         
10250.0                       299.1831008716949             -349.02035208279904           1.8949473144704145            -350.91529939726945           2546.49892674665              0.03326197402969845           0.007321841535776489          
10500.0                       315.76391800558935            -349.09479167410035           1.9999658626706782            -351.09475753677106           2546.49892674665              0.02898182147843182           0.005109451677079855          
10750.0                       258.9377920404709             -349.1114903688102            1.640044080739758             -350.75153444955              2546.49892674665              0.0325581818643118            0.0041112007734760364         
11000.0                       303.4193031110676             -349.2186838884284            1.9217783087132865            -351.1404621971417            2546.49892674665              0.02910192792069712           0.004190930526945356          
11250.0                       272.6825833780186             -348.9433892655525            1.7270999851580089            -350.67048925071055           2546.49892674665              0.03297371789151761           0.0033443257843284494         
11500.0                       326.68931115413153            -348.8868058935411            2.069164438212022             -350.9559703317531            2546.49892674665              0.02758653516374805           0.006624992069020261          
11750.0                       230.93340551318403            -349.804295316394             1.4626716392861494            -351.2669669556802            2546.49892674665              0.02939734912317685           0.005261040411779144          
12000.0                       277.8098586456981             -349.50729357992856           1.759574802320916             -351.26686838224947           2546.49892674665              0.030579311143543963          0.00584069773192318           
12250.0                       288.33493222870317            -349.13671549284953           1.8262378586987964            -350.9629533515483            2546.49892674665              0.041014541551088836          0.007138037178177216          
12500.0                       263.89470523758166            -349.1932804894668            1.6714398692169827            -350.8647203586838            2546.49892674665              0.03475335689255843           0.007382736575625718          
