CMo16S32_7368c6
time                          T                             E_tot                         E_kin                         E_pot                         V                             MSD                           P_internal                    
0                             299.9999999999999             -344.5488650306413            1.9001213393563945            -346.4489863699977            2546.49892674665              0.0                           0.017471269418179326          
250.0                         554.4527934925295             -345.3411757340438            3.5117586152697333            -348.85293434931356           2546.49892674665              0.03190797504386355           0.00488216748251098           
500.0                         433.131948451811              -346.21595854672944           2.7433441933676677            -348.9593027400971            2546.49892674665              0.012951539368022047          0.005631873935463798          
750.0                         370.8068436508376             -347.0722363275385            2.3485933213344903            -349.420829648873             2546.49892674665              0.034556357788489755          0.001958934607706984          
1000.0                        379.00287817698114            -346.98681058719274           2.4005048550052472            -349.387315442198             2546.49892674665              0.03766319086829428           0.002223653697518072          
1250.0                        425.1153467594218             -347.10231641138836           2.692569140218237             -349.79488555160657           2546.49892674665              0.029633956049800868          0.007143451738329746          
1500.0                        447.88321669187906            -347.5370611565386            2.8367748585860797            -350.37383601512465           2546.49892674665              0.07918847561453972           0.006315720827796402          
1750.0                        394.16786634061594            -347.4805493936823            2.4965559137412794            -349.9771053074236            2546.49892674665              0.07862317139518579           0.005899140300274539          
2000.0                        378.7774324693301             -347.8549355489704            2.3990769410053336            -350.2540124899757            2546.49892674665              0.06905817755681093           0.0061589916218214935         
2250.0                        380.838680864379              -348.1198794047537            2.412132347875822             -350.5320117526295            2546.49892674665              0.06657263747753711           0.005516955869489274          
2500.0                        324.52590911708495            -348.4644278875109            2.055462016958024             -350.5198899044689            2546.49892674665              0.0622994994479904            0.003641377861943939          
2750.0                        367.1451065408785             -348.6217421293093            2.325400838595335             -350.94714296790465           2546.49892674665              0.06000870180025309           0.0036348525176685543         
3000.0                        305.1907665522848             -349.0968573045845            1.9329982936684411            -351.02985559825294           2546.49892674665              0.06601082139460214           0.005794841704499662          
3250.0                        326.5717576566388             -348.92656958829764           2.068419885181682             -350.99498947347934           2546.49892674665              0.06841585627273239           0.005561247485664063          
3500.0                        358.5184347936545             -348.89692560257765           2.2707617616802573            -351.1676873642579            2546.49892674665              0.06657472000842475           0.0032375875006041585         
3750.0                        358.25368533826304            -348.6005423920976            2.269084908047683             -350.8696273001453            2546.49892674665              0.06951982994746085           0.003955915230493995          
4000.0                        323.0831238035319             -348.5953788007501            2.046323793083384             -350.6417025938335            2546.49892674665              0.07417109515529773           0.003681848881425915          
4250.0                        322.89680837176405            -348.7437817431625            2.045143719990872             -350.78892546315336           2546.49892674665              0.0728099303442756            0.0029740998181836016         
4500.0                        308.84288528628366            -349.010745376492             1.9561298561362228            -350.96687523262824           2546.49892674665              0.06467984493990511           0.004923197536390643          
4750.0                        295.7127195505827             -349.1665979804452            1.8729668291239177            -351.03956480956913           2546.49892674665              0.066383493287387             0.00637977029104012           
5000.0                        305.5759826615668             -349.1642007249716            1.935438151500143             -351.0996388764717            2546.49892674665              0.059977337184273095          0.005986999820751404          
5250.0                        342.8797743304712             -349.24777482769645           2.1717105867967783            -351.41948541449324           2546.49892674665              0.06294035854926443           0.0037622257430813444         
5500.0                        325.5654483197326             -349.02695255423777           2.0620461856981853            -351.08899873993596           2546.49892674665              0.06613372802034202           0.0028589150954311873         
5750.0                        327.74188912465394            -349.02018470533784           2.075831191089109             -351.09601589642693           2546.49892674665              0.0633375168972068            0.002425392356557874          
6000.0                        285.27285342537874            -349.2253169650887            1.8068434544421712            -351.0321604195309            2546.49892674665              0.06445604684180054           0.0027042368461586016         
6250.0                        255.744218317366              -348.9132952638171            1.6198168221394929            -350.5331120859566            2546.49892674665              0.06390612839192021           0.0021417089102066            
6500.0                        319.4982446061316             -348.69151071050027           2.0236181082100666            -350.71512881871035           2546.49892674665              0.06752449568257457           0.002084260014482538          
6750.0                        357.0536632794906             -348.63670387987173           2.261484282975777             -350.89818816284753           2546.49892674665              0.07097337445198217           0.004227465318710569          
7000.0                        353.5818317219897             -348.7914096044765            2.239494612212249             -351.0309042166887            2546.49892674665              0.07173266447487821           0.006081150768251188          
7250.0                        296.40536944657345            -348.98738177873634           1.8773538919508344            -350.8647356706872            2546.49892674665              0.06431913513209847           0.006339605334316407          
7500.0                        283.5362036246576             -349.0509367036293            1.795843969957707             -350.84678067358703           2546.49892674665              0.06825480019044781           0.007060608900994132          
7750.0                        341.8557894591282             -348.76645309005653           2.1652249351127217            -350.9316780251693            2546.49892674665              0.06488718542577199           0.005547137620132675          
8000.0                        307.5453253103631             -349.24579442839496           1.9479114514717515            -351.1937058798667            2546.49892674665              0.06472768029446876           0.004763014239750149          
8250.0                        269.64651308828627            -349.1649643580769            1.7078703120069878            -350.8728346700839            2546.49892674665              0.06396045754982431           0.0035719989758281547         
8500.0                        330.9426527045741             -349.0708491354457            2.0961039883572457            -351.16695312380295           2546.49892674665              0.06502629948886013           0.003918908169596553          
8750.0                        280.53937172743684            -349.21957324373045           1.776862822496463             -350.9964360662269            2546.49892674665              0.0701256328360539            0.003946514165246654          
9000.0                        262.2140259492839             -349.465929719025             1.6607948872826197            -351.1267246063076            2546.49892674665              0.06449743130926228           0.004430806217434429          
9250.0                        230.7280464198089             -349.6960321164331            1.461370948634306             -351.1574030650674            2546.49892674665              0.06079940853605632           0.0034084988369131176         
9500.0                        213.14026250144838            -349.6485483549004            1.349974536850086             -350.9985228917505            2546.49892674665              0.06875457580158238           0.004195774288608222          
9750.0                        274.1277785122084             -349.3053437251436            1.7362534722047025            -351.04159719734827           2546.49892674665              0.06977096943107346           0.004727877661883556          
10000.0                       281.29872641054               -349.21628632136054           1.7816723759548116            -350.99795869731537           2546.49892674665              0.06461320331725351           0.004416395901514546          
10250.0                       322.1211041682762             -349.32742711684705           2.0402306129572865            -351.3676577298043            2546.49892674665              0.06220145692959011           0.004363054676313407          
10500.0                       324.6343848099798             -349.1074984982868            2.056149073554261             -351.16364757184107           2546.49892674665              0.05624561210008163           0.00553086591216262           
10750.0                       299.1360966601158             -349.1456588842008            1.894649602118878             -351.0403084863197            2546.49892674665              0.06694415178079614           0.0049709984560541536         
11000.0                       322.88183429970417            -349.0377541096632            2.0450488781446787            -351.08280298780784           2546.49892674665              0.06357425297762212           0.004399744471405761          
11250.0                       301.4368088496516             -349.06476466264087           1.9092217098757256            -350.9739863725166            2546.49892674665              0.06718108926711996           0.002768675492127625          
11500.0                       297.27658307754297            -348.89521572294325           1.882871930655312             -350.77808765359856           2546.49892674665              0.06427842237780512           0.0029221986096642145         
11750.0                       284.5442442958022             -348.9864574813059            1.80222863525831              -350.7886861165642            2546.49892674665              0.06255306273465829           0.005045464602041064          
12000.0                       300.7747936885469             -348.9996226789761            1.905028679427084             -350.90465135840316           2546.49892674665              0.06707844832399415           0.00504383441528483           
12250.0                       332.5798850091177             -348.82490159170766           2.106473788488402             -350.9313753801961            2546.49892674665              0.06466342315613645           0.004191920936696842          
12500.0                       334.07951431423               -348.9313937332801            2.1159720473009624            -351.04736578058106           2546.49892674665              0.06556746128796048           0.002175117472230481          
12750.0                       259.2923012657001             -349.27270935658              1.64228944921928              -350.91499880579926           2546.49892674665              0.06570519009750608           0.0010735580859345317         
13000.0                       269.04048569556005            -349.00469594927756           1.7040318934031422            -350.70872784268073           2546.49892674665              0.06988959905407484           0.00019238603282545572        
13250.0                       299.5837002146694             -349.2558403207467            1.8974846056708081            -351.1533249264175            2546.49892674665              0.0745035991836238            0.0010519839349630536         
13500.0                       268.20145637215796            -349.35739840339335           1.698717701664002             -351.05611610505736           2546.49892674665              0.061622333574068336          0.004632762135931502          
13750.0                       272.78676187501725            -349.46673641404516           1.7277598244421728            -351.1944962384873            2546.49892674665              0.06391888976914016           0.005378063061402343          
14000.0                       280.1331921308007             -349.6500750275611            1.7742901874325316            -351.42436521499366           2546.49892674665              0.0657465611132439            0.005276102390399474          
14250.0                       289.0420607785288             -349.5562518363483            1.8307166255227694            -351.38696846187105           2546.49892674665              0.06222928156266184           0.004078538870858237          
14500.0                       312.69375391270097            -349.1858793103997            1.980520248309935             -351.1663995587096            2546.49892674665              0.06374244069460053           0.003761593668171099          
14750.0                       258.5235293614011             -349.4702508044085            1.6374202495510926            -351.1076710539596            2546.49892674665              0.06594392778027672           0.0036789383708562442         
15000.0                       275.34744490161944            -349.42643739712247           1.743978519316088             -351.17041591643857           2546.49892674665              0.06896354487125589           0.004136665618446611          
15250.0                       251.083476026323              -349.4369971430497            1.5902969025246543            -351.02729404557437           2546.49892674665              0.0659955825690392            0.004240678683666934          
15500.0                       248.9478196884474             -349.57569071553644           1.5767702152542236            -351.15246093079065           2546.49892674665              0.06633251356387983           0.0035743853413811653         
15750.0                       296.73836147540703            -349.3808557534564            1.8794629761502422            -351.26031872960664           2546.49892674665              0.07134571457873423           0.0011964627702538931         
16000.0                       291.30853681182185            -349.49993560077064           1.8450718904427692            -351.34500749121344           2546.49892674665              0.06697538380889295           0.0018891701564773304         
16250.0                       308.2228819223267             -349.33288433534676           1.9522029173951316            -351.2850872527419            2546.49892674665              0.06907636076738792           0.0017448754374210984         
16500.0                       231.66364435604942            -349.8622538718401            1.4672967806466675            -351.3295506524868            2546.49892674665              0.07284971005621205           0.003742873831089346          
16750.0                       239.48415971732226            -349.659155332495             1.5168298743890642            -351.1759852068841            2546.49892674665              0.06180191258004636           0.004545157313613597          
17000.0                       243.20976509070618            -349.38152654442894           1.5404268819623563            -350.92195342639127           2546.49892674665              0.07126642861034743           0.0038913121299305117         
17250.0                       257.7184998900384             -349.34840681663263           1.6323214039599359            -350.9807282205926            2546.49892674665              0.06441803720736339           0.004233413328569967          
17500.0                       317.0173971858347             -349.1458031598544            2.007905071133422             -351.15370823098783           2546.49892674665              0.06299651288265683           0.006237834405439186          
17750.0                       308.5134092325531             -349.03914274801696           1.9540430412012217            -350.99318578921816           2546.49892674665              0.06317988696130876           0.005954790605587824          
18000.0                       280.54779968376306            -349.3033886818475            1.7769162029620051            -351.0803048848095            2546.49892674665              0.0701903659211634            0.0032797349735634203         
18250.0                       258.0164325032984             -349.5470239961785            1.6342084310137543            -351.18123242719224           2546.49892674665              0.06151871971510005           0.0035227689520202755         
18500.0                       252.2353672695855             -349.7512532550499            1.5975926796311237            -351.34884593468104           2546.49892674665              0.06147112218593734           0.0029803359868233368         
18750.0                       255.22071690946976            -349.6961417539161            1.6165011014850703            -351.3126428554012            2546.49892674665              0.06577249839508675           0.0037641644872291363         
19000.0                       250.52664509112176            -349.65040759251576           1.5867700813833554            -351.2371776738991            2546.49892674665              0.07051111810629167           0.003839322461220634          
19250.0                       213.82432250415303            -349.9252720826982            1.354307193545217             -351.2795792762434            2546.49892674665              0.06333379983384982           0.003416129667464296          
19500.0                       255.84571686665467            -349.74489138267415           1.6204596873375499            -351.3653510700117            2546.49892674665              0.06328617909279846           0.0039745268521693385         
19750.0                       224.07886673940706            -349.60719787819863           1.419256787967818             -351.02645466616644           2546.49892674665              0.06687555102866365           0.004155267756121306          
20000.0                       287.2254519279864             -349.388141288104             1.8192107013821714            -351.2073519894862            2546.49892674665              0.07273757509890766           0.004848546815579916          
20250.0                       286.153977792948              -349.09703775373976           1.8124242651536553            -350.9094620188934            2546.49892674665              0.07031280026445245           0.007040337680317165          
20500.0                       311.22867084990236            -348.9911549509656            1.9712407963380907            -350.9623957473037            2546.49892674665              0.07209977770998979           0.0059243678279783185         
20750.0                       334.97684853141317            -348.75984105618124           2.121655526949644             -350.8814965831309            2546.49892674665              0.07778969833320275           0.004960259794927111          
21000.0                       305.6436911620633             -348.7744435675663            1.935866999388974             -350.7103105669553            2546.49892674665              0.0664923450589727            0.004588621671018045          
21250.0                       307.2174615658841             -349.16468534590933           1.9458348484807988            -351.1105201943901            2546.49892674665              0.06599770289328122           0.0031525214122697827         
21500.0                       265.01604348935723            -349.3588503518503            1.678542131686434             -351.03739248353673           2546.49892674665              0.06099230380792662           0.004751352733158982          
21750.0                       288.5617125347979             -349.08267569915455           1.8276742256953178            -350.91034992484987           2546.49892674665              0.06427736243221455           0.0049231441818310935         
22000.0                       230.58463416901222            -349.00218347535156           1.4604626130407599            -350.4626460883923            2546.49892674665              0.07162661082802699           0.005030828129647462          
22250.0                       269.24437154685063            -349.0093464582705            1.705323252925909             -350.7146697111964            2546.49892674665              0.06732657974765321           0.0058801194730745574         
22500.0                       371.73579926976254            -348.65795000205526           2.3544770826506043            -351.01242708470585           2546.49892674665              0.07286296897914898           0.004159803849368683          
22750.0                       328.47476423681286            -348.83464405996085           2.080473029888097             -350.91511708984893           2546.49892674665              0.06575383616369102           0.004706213378139273          
23000.0                       365.44409293453583            -348.645967381437             2.3146270644221776            -350.96059444585916           2546.49892674665              0.0755878901687369            0.005552552254376783          
23250.0                       321.02820056650916            -349.29282382521234           2.033308448105363             -351.3261322733177            2546.49892674665              0.06847525179928714           0.004903202425518431          
23500.0                       289.87716878704344            -348.9528436708299            1.8360059806815896            -350.7888496515115            2546.49892674665              0.06530211400207069           0.0066100220589448595         
23750.0                       291.438674458159              -348.9722516247842            1.8458961481722989            -350.8181477729565            2546.49892674665              0.06552183969116515           0.005974153966558139          
24000.0                       282.8738996291134             -349.03599135758355           1.7916491101074583            -350.827640467691             2546.49892674665              0.06577814409006397           0.006733960857996531          
24250.0                       350.53489619117784            -348.97504235546995           2.2201961214731196            -351.1952384769431            2546.49892674665              0.06367963105687406           0.006716472762412071          
24500.0                       377.5234771041842             -348.97851855592586           2.3911347165122865            -351.36965327243814           2546.49892674665              0.06174029999244254           0.004756258727148789          
24750.0                       364.71578233795793            -348.8654460009259            2.310014136068054             -351.17546013699393           2546.49892674665              0.06951275441688136           0.0043819199955860795         
25000.0                       271.3245392280472             -349.17335979914225           1.7184984895941795            -350.89185828873644           2546.49892674665              0.06040403463007803           0.005098106216365662          
25250.0                       276.6883726123844             -349.0846631934017            1.7524716038419506            -350.83713479724366           2546.49892674665              0.06984666031309304           0.005132293323061892          
25500.0                       269.67235384924453            -349.3286981977048            1.7080339806113944            -351.0367321783162            2546.49892674665              0.06920436798921684           0.0030882479819021084         
25750.0                       252.14408333127503            -349.2509616179252            1.5970145111007095            -350.84797612902594           2546.49892674665              0.07028888626988036           0.004095071925527763          
26000.0                       304.2817752597633             -348.8724894111859            1.9272409811610773            -350.799730392347             2546.49892674665              0.06755975965046371           0.0033838341951504987         
26250.0                       313.00228214209415            -348.63077392159533           1.9824743852181475            -350.6132483068135            2546.49892674665              0.06746552934725279           0.005495760760632535          
26500.0                       359.9401823849217             -348.90516486525496           2.2797667381380755            -351.184931603393             2546.49892674665              0.066539599030693             0.003836231357074613          
26750.0                       275.39235708569623            -349.1778830453206            1.7442629813139594            -350.92214602663455           2546.49892674665              0.06574005718009186           0.004318063804778067          
27000.0                       240.55769093803085            -349.04844049742724           1.5236293396588432            -350.5720698370861            2546.49892674665              0.06628163210579001           0.005382392562891831          
27250.0                       351.7198369352359             -348.82803857176475           2.227701225451978             -351.05573979721675           2546.49892674665              0.06431972895010508           0.0032233216284952276         
27500.0                       291.3212453361744             -349.08001277044167           1.845152382903816             -350.92516515334546           2546.49892674665              0.06550735573330976           0.003960219968659097          
27750.0                       318.1915892442647             -348.8818803270461            2.015342095755841             -350.8972224228019            2546.49892674665              0.06984097831196565           0.0046078946462798955         
28000.0                       329.28539057507675            -349.0570693725751            2.0856073245666953            -351.1426766971418            2546.49892674665              0.0694458242461969            0.005464901209817601          
28250.0                       357.0199943598991             -349.24736718425726           2.2612710328671475            -351.5086382171244            2546.49892674665              0.06973007047378484           0.0038718989682013723         
28500.0                       284.594888021439              -349.3984920613828            1.8025493993376               -351.2010414607204            2546.49892674665              0.06472520440713835           0.0039000940996877817         
28750.0                       322.69417617465933            -349.1363255630619            2.0438603007850076            -351.18018586384693           2546.49892674665              0.05619196592427341           0.006908220000821155          
29000.0                       306.54462153293986            -349.0980624527652            1.9415732561322299            -351.03963570889744           2546.49892674665              0.06781375038580889           0.007873718201277191          
29250.0                       271.1576270670676             -348.9493501759943            1.7174413117312615            -350.66679148772556           2546.49892674665              0.07778451701559777           0.008035832653422852          
29500.0                       298.01441555778126            -349.13200517183645           1.8875451681238824            -351.01955033996035           2546.49892674665              0.0650698196496559            0.0067965150244529045         
29750.0                       289.85040222654663            -349.16928885616574           1.8358364483056522            -351.0051253044714            2546.49892674665              0.07032602416871629           0.004717098123541826          
30000.0                       302.23645743751894            -349.09000845805696           1.914286474361702             -351.00429493241865           2546.49892674665              0.0646451157338903            0.004265246880895255          
30250.0                       296.6062021749262             -349.0403414119266            1.8786259137934485            -350.91896732572              2546.49892674665              0.06654961362947845           0.0034674850737646742         
30500.0                       334.8144391127733             -348.9876582933634            2.120626868276077             -351.10828516163946           2546.49892674665              0.06924952483567548           0.0035319098741361603         
30750.0                       275.4124955220696             -349.2660683096894            1.744390532889607             -351.010458842579             2546.49892674665              0.06655398718944618           0.0015850383640693725         
31000.0                       234.7644110656267             -349.31449491083634           1.4869362239574464            -350.8014311347938            2546.49892674665              0.0685347705921755            3.246516030199336e-05         
31250.0                       291.53234961943167            -349.4378192505527            1.8464894620819714            -351.2843087126347            2546.49892674665              0.06543349033211418           0.0020893204829140655         
31500.0                       297.6578429098013             -349.5603042143174            1.8852867304656904            -351.4455909447831            2546.49892674665              0.06999821357273933           0.004538960495024197          
31750.0                       297.9852100523937             -349.3352346318871            1.8873601881105038            -351.2225948199976            2546.49892674665              0.06386766220251215           0.0068566542632151825         
32000.0                       247.208254032536              -349.3879840181897            1.5657522625075277            -350.9537362806972            2546.49892674665              0.06787947232140959           0.008561803910626642          
32250.0                       264.8165736105702             -349.25935550924595           1.6772787417756267            -350.9366342510216            2546.49892674665              0.059670116415863665          0.007795931666925449          
32500.0                       279.60912030715053            -349.43173416901374           1.7709708539142879            -351.202705022928             2546.49892674665              0.07015359483882996           0.006689807102956083          
32750.0                       296.1572310322887             -349.27581743832843           1.8757822482971793            -351.1515996866256            2546.49892674665              0.06675269596703068           0.0054009482052373966         
33000.0                       302.21741578617116            -349.2237391287023            1.9141658695348271            -351.1379049982371            2546.49892674665              0.06991488674205057           0.005021724990334102          
33250.0                       328.3813541853546             -349.0774169048171            2.079881395114476             -351.15729829993154           2546.49892674665              0.0704154335793159            0.003601154027931723          
33500.0                       282.7021766815817             -348.89985549748985           1.7905614619839179            -350.6904169594738            2546.49892674665              0.06359828968556143           0.003959214535081911          
33750.0                       306.74057517249844            -348.8298486706502            1.9428143751057294            -350.77266304575596           2546.49892674665              0.07731207200402165           0.0029508995631360156         
34000.0                       287.8747648835229             -348.9814528578644            1.82332327939129              -350.80477613725566           2546.49892674665              0.06275681550078001           0.004392617782507901          
34250.0                       320.4751356964092             -348.7438475655002            2.0298054802329455            -350.7736530457331            2546.49892674665              0.07323222328051761           0.004763659752878675          
34500.0                       296.34915611573024            -348.8548218872669            1.8769978514525296            -350.7318197387194            2546.49892674665              0.06318050079776807           0.0029360330391328127         
34750.0                       350.63229668193935            -348.67202009969816           2.220813030642985             -350.89283313034116           2546.49892674665              0.07189995274785366           0.0026110384152507556         
35000.0                       297.25799564874757            -348.9402136632984            1.882754202754986             -350.8229678660534            2546.49892674665              0.07188827301301397           0.003197776198651725          
35250.0                       289.56116561339263            -349.1377774235209            1.8340044994363953            -350.9717819229573            2546.49892674665              0.06446496053097107           0.003823219817403006          
35500.0                       327.5446307406368             -348.76505151405604           2.074581808206316             -350.83963332226233           2546.49892674665              0.07316437429362607           0.0016768901836054255         
35750.0                       314.406799841884              -348.6012325575729            1.9913702320610625            -350.592602789634             2546.49892674665              0.06287634457466465           0.0035495630777224348         
36000.0                       281.722153909903              -348.885095140859             1.7843542547121782            -350.6694493955712            2546.49892674665              0.0716219125994422            0.0028907405232816755         
36250.0                       271.73459387153093            -349.18744761953866           1.7210956681887983            -350.90854328772747           2546.49892674665              0.06290612238133308           0.0062896402417274705         
36500.0                       319.7911573673061             -349.0471123521748            2.0254733408369914            -351.0725856930118            2546.49892674665              0.06045285673097018           0.004492930915664444          
36750.0                       323.7898278790375             -348.95352104851963           2.0507998713983113            -351.004320919918             2546.49892674665              0.07336813166312396           0.004110977220686149          
37000.0                       356.46578105041226            -348.9941577621789            2.257760791080776             -351.25191855325966           2546.49892674665              0.06542673162461222           0.0036227194144196548         
37250.0                       319.97418014127436            -349.1087915024988            2.0266325590983425            -351.1354240615971            2546.49892674665              0.06882090489091931           0.0032800930646507374         
37500.0                       329.6543454378447             -348.82673089032073           2.087944187926711             -350.91467507824746           2546.49892674665              0.06174381711526756           0.0025422436876030657         
37750.0                       293.18830109278747            -349.1197299244318            1.856977824520178             -350.976707748952             2546.49892674665              0.06304066223864173           0.0009021875417651766         
38000.0                       274.7619608254303             -349.2135460777686            1.740270216692687             -350.9538162944613            2546.49892674665              0.06708310715923212           0.0012431985729305644         
38250.0                       291.57078577033326            -348.7248157122619            1.8467329065837408            -350.5715486188456            2546.49892674665              0.06440002224255499           0.0035064661794740807         
38500.0                       286.9030667656201             -348.84618373122254           1.8171687982938245            -350.6633525295164            2546.49892674665              0.07957046765142967           0.0029514941329772484         
38750.0                       301.3661287297245             -348.82391165185595           1.9087740405285867            -350.73268569238456           2546.49892674665              0.06903301863721896           0.0022549774885090236         
39000.0                       386.28075140603               -348.90610526472466           2.446600995764068             -351.35270626048873           2546.49892674665              0.067182921930679             0.0034664174615790626         
39250.0                       359.45670408187425            -348.89888768438396           2.276704513335621             -351.1755921977196            2546.49892674665              0.06924417111609237           0.0038980786091046787         
39500.0                       337.11130256381864            -348.74168052330464           2.1351745991324735            -350.8768551224371            2546.49892674665              0.07203045420160825           0.0049725654862039165         
39750.0                       318.3143190316603             -348.5448473228203            2.016119434049191             -350.5609667568695            2546.49892674665              0.06887814954788107           0.005816046038407005          
40000.0                       340.3602851155522             -348.4562572305366            2.1557528027249586            -350.6120100332616            2546.49892674665              0.07296369904617504           0.005538502718716431          
40250.0                       318.227186245414              -348.50418853743577           2.0155675578275103            -350.5197560952633            2546.49892674665              0.06647606094720124           0.007088932837507476          
40500.0                       301.55318588138107            -348.8561053039162            1.909958811480393             -350.7660641153966            2546.49892674665              0.06185317104715832           0.007308803317264362          
40750.0                       341.57338700785044            -348.91466489792657           2.163436272032857             -351.07810116995944           2546.49892674665              0.06095388607981535           0.007439723227357036          
41000.0                       256.7654464728587             -349.46062840595795           1.6262850135081703            -351.0869134194661            2546.49892674665              0.0673752069191858            0.006666539324278425          
41250.0                       277.98951365092273            -349.2892658171719            1.760712690018081             -351.04997850718996           2546.49892674665              0.06118688969658405           0.005892718353234345          
41500.0                       318.5444702082092             -349.15844669338384           2.0175771512553196            -351.17602384463913           2546.49892674665              0.06789402845852244           0.004718195379059516          
41750.0                       316.28836026327104            -349.001794376095             2.003287542420949             -351.00508191851594           2546.49892674665              0.060819905019085886          0.004189240429877221          
42000.0                       273.125078860362              -349.18861228449424           1.7299026355199072            -350.91851492001416           2546.49892674665              0.06964750202092432           0.003040594666947866          
42250.0                       239.43822589107126            -349.2078302033564            1.516538941577538             -350.724369144934             2546.49892674665              0.06632293760188615           0.003013616750863131          
42500.0                       285.3705813181841             -349.20403694183034           1.8074624372907373            -351.01149937912106           2546.49892674665              0.0647765501767296            0.0035901503162796985         
42750.0                       298.5092515699672             -349.36527928931605           1.8906793296780042            -351.25595861899404           2546.49892674665              0.07345373692319618           0.00260984156209712           
43000.0                       236.95318118592954            -349.43789520617037           1.5007993199992236            -350.93869452616957           2546.49892674665              0.06809379658760631           0.002456844355477525          
43250.0                       227.16248170097603            -349.4959663832049            1.4387875966039374            -350.9347539798089            2546.49892674665              0.06807801486920075           0.002449566101504486          
43500.0                       247.16067329987965            -349.5161256975233            1.5654508986226525            -351.08157659614596           2546.49892674665              0.06920736404361089           0.002893345041747299          
43750.0                       269.5636688520299             -349.6193977960959            1.707345598336476             -351.32674339443236           2546.49892674665              0.05930285696730325           0.003750116792047975          
44000.0                       333.271413373666              -349.12544370032623           2.1108537478292306            -351.2362974481555            2546.49892674665              0.06098790314051951           0.004121194220495602          
44250.0                       306.3927674831532             -348.84695742063263           1.940611452397339             -350.78756887302995           2546.49892674665              0.0660142032039892            0.0037253611101900046         
44500.0                       281.41270110863957            -348.8278302199779            1.782394261808164             -350.6102244817861            2546.49892674665              0.06776573515410354           0.0025357828253238716         
44750.0                       314.19270083823494            -348.9179378142544            1.9900141851091675            -350.90795199936355           2546.49892674665              0.06569244386168442           0.0031436907341794405         
45000.0                       357.6807023986128             -348.66072397984885           2.2654557843452947            -350.92617976419416           2546.49892674665              0.0631574162878149            0.002702351317485653          
45250.0                       399.1480151556708             -348.40000531227145           2.5280988705301333            -350.9281041828016            2546.49892674665              0.06053329229648201           0.004797691315956275          
45500.0                       309.6059397806974             -348.50128110609427           1.9609628432293138            -350.4622439493236            2546.49892674665              0.06344840181017296           0.005632039562751725          
45750.0                       299.69898930685395            -348.97196653179685           1.8982148165516577            -350.8701813483485            2546.49892674665              0.07149928390917372           0.0022519379428700115         
46000.0                       260.70233358476014            -349.1114773327819            1.6512202242147074            -350.76269755699656           2546.49892674665              0.07269511099024689           0.003374497285633209          
46250.0                       263.94467708580385            -348.9590705312712            1.6717563778008961            -350.6308269090721            2546.49892674665              0.06843664591118434           0.005131644305217354          
46500.0                       309.59668131128115            -348.6202217342197            1.9609042025116221            -350.5811259367313            2546.49892674665              0.07145548062519365           0.003456103979545117          
46750.0                       383.42633750392463            -348.5556700740462            2.428521886541582             -350.9841919605878            2546.49892674665              0.061801114231022976          0.004678981796236777          
47000.0                       365.3577326615864             -348.32372611387626           2.3140800810971647            -350.63780619497345           2546.49892674665              0.06624192830775343           0.0038319970995177584         
47250.0                       326.5611126442481             -348.6766943842137            2.0683524624643446            -350.74504684667806           2546.49892674665              0.0639374103792976            0.006063439018505537          
47500.0                       288.0781214604782             -348.670098324194             1.824611286629194             -350.4947096108232            2546.49892674665              0.06699862447192816           0.004198839413787927          
47750.0                       358.12742345153               -348.7755566313878            2.2682851983632535            -351.04384182975105           2546.49892674665              0.06655821274761616           0.002216280162148089          
48000.0                       290.41365767703854            -348.9958916230314            1.8394039606422805            -350.8352955836737            2546.49892674665              0.06640102737412801           0.0015848126170944913         
48250.0                       277.9677952218737             -349.2632022135755            1.7605751311831028            -351.02377734475857           2546.49892674665              0.06652352890631213           0.0017409578446621454         
48500.0                       316.2128053051322             -349.0486788985924            2.0028089971267695            -351.05148789571916           2546.49892674665              0.06844263473526538           0.0019779251063226787         
48750.0                       331.5609099068186             -348.94544785286394           2.1000198673678976            -351.04546772023184           2546.49892674665              0.0587213199582237            0.0032814246250999104         
49000.0                       308.2423998692064             -348.8209794245522            1.95232653895302              -350.7733059635052            2546.49892674665              0.06197200256635382           0.006124568495709697          
49250.0                       313.6981887076102             -348.8972125494287            1.9868820749359317            -350.8840946243646            2546.49892674665              0.06582028327147843           0.005793310019770333          
49500.0                       319.67027824271486            -349.02948417195523           2.0247077241565963            -351.05419189611183           2546.49892674665              0.06860552132679126           0.005028304604233802          
49750.0                       343.9210999305232             -348.8535220883525            2.1783060701097017            -351.03182815846225           2546.49892674665              0.06748853071531422           0.004026534706947759          
50000.0                       284.92593763430875            -349.0175052124289            1.8046461807835983            -350.8221513932125            2546.49892674665              0.07064302018766332           0.0026519526113448176         
50250.0                       245.97510839840453            -349.3838542793053            1.5579418413943698            -350.9417961206997            2546.49892674665              0.06555025796408105           0.0030504087393297386         
50500.0                       278.5474123336648             -349.2755447547139            1.7642462739923377            -351.03979102870625           2546.49892674665              0.07298374174053136           0.0035554343379521195         
50750.0                       292.03045573382116            -349.2757824466158            1.8496443356060226            -351.1254267822218            2546.49892674665              0.06492914503710999           0.006188842439739274          
51000.0                       269.81800205633795            -349.44189072352077           1.7089564781658515            -351.15084720168664           2546.49892674665              0.06990248045045772           0.007936259105437441          
51250.0                       272.93077738350695            -349.20260173468137           1.7286719809117714            -350.93127371559314           2546.49892674665              0.06791914331462004           0.005850152428001889          
51500.0                       268.077725923111              -349.28528455326784           1.6979340254421278            -350.98321857870997           2546.49892674665              0.06691811518326313           0.0031248113497824213         
51750.0                       285.91019562641276            -349.1212906973269            1.810880212831028             -350.93217091015794           2546.49892674665              0.07121201769524155           0.002358630414606467          
52000.0                       278.3366231247142             -349.2597137183274            1.7629111904122274            -351.02262490873966           2546.49892674665              0.06943042701687416           0.0024184982075370226         
52250.0                       299.1300601518493             -349.361820483035             1.8946113684583035            -351.2564318514933            2546.49892674665              0.06629424300631818           0.0035401506363283686         
52500.0                       244.61079794402423            -349.34183168670904           1.5493006567014531            -350.8911323434105            2546.49892674665              0.06779627075157296           0.0035411346542073355         
52750.0                       260.61340159829024            -348.98718336235277           1.6506569523305648            -350.63784031468333           2546.49892674665              0.07511089186792388           0.0039375929087397815         
53000.0                       318.87745272153444            -348.96034890021286           2.019686175185992             -350.98003507539886           2546.49892674665              0.06532901394435353           0.005810495776530748          
53250.0                       338.2447122797326             -348.75036684694396           2.1423533190906134            -350.89272016603456           2546.49892674665              0.07081632456101473           0.005169849243851576          
53500.0                       355.839310658698              -348.6032860017184            2.253792891881539             -350.8570788935999            2546.49892674665              0.0699371004771766            0.0033694691851014757         
53750.0                       317.19822736183784            -348.80049154338224           2.0090504020541657            -350.8095419454364            2546.49892674665              0.0679996198065454            0.004383627623125763          
54000.0                       338.6993571258594             -348.8245113443967            2.145232920337127             -350.96974426473383           2546.49892674665              0.06842045137593204           0.0051188604110240545         
54250.0                       347.964975229065              -348.24982198141777           2.2039189159378862            -350.45374089735566           2546.49892674665              0.07273013922488887           0.005205993274570775          
54500.0                       299.3250470365233             -348.89904781588314           1.895846364259849             -350.794894180143             2546.49892674665              0.06481093529878992           0.004958951836934397          
54750.0                       314.40326141608455            -348.82050538062134           1.9913478205998316            -350.8118532012212            2546.49892674665              0.05549316844407457           0.0035743287570936797         
55000.0                       290.30094952082146            -348.78733105315973           1.838690096733122             -350.62602114989284           2546.49892674665              0.0652435495452497            0.00308622034093114           
55250.0                       351.1675187147178             -348.6039945348698            2.2242029866622386            -350.82819752153205           2546.49892674665              0.06570909903755211           0.0014204968965459603         
55500.0                       257.9854185172801             -349.3250669499005            1.6340119965582482            -350.9590789464587            2546.49892674665              0.06141934045076771           0.0036121373343135136         
55750.0                       269.2682782867907             -349.22934531452995           1.705474671948291             -350.93481998647826           2546.49892674665              0.07002588521850678           0.00254207095745247           
56000.0                       299.35383499828066            -349.4753981240529            1.8960286996613547            -351.3714268237143            2546.49892674665              0.06339072214286612           0.0032594989233615777         
56250.0                       242.57817978629956            -349.7005097640678            1.5364265862472666            -351.2369363503151            2546.49892674665              0.06167789691806173           0.00557405863609806           
56500.0                       302.444923940796              -349.42877998201817           1.9156068465330949            -351.34438682855125           2546.49892674665              0.07001035436754396           0.004986755745419771          
56750.0                       252.7378650980108             -349.5301791465059            1.6007753691203608            -351.13095451562623           2546.49892674665              0.07665244857868857           0.003658443987835637          
57000.0                       316.1235913239838             -349.29817672099284           2.002243939162273             -351.3004206601551            2546.49892674665              0.0625258711159855            0.003811920654415749          
57250.0                       301.5687623708351             -349.2761371236992            1.9100574688804057            -351.18619459257957           2546.49892674665              0.06493462573354529           0.0028529743901295583         
57500.0                       260.6837817115433             -349.36155896094635           1.6511027215140928            -351.0126616824604            2546.49892674665              0.0660644201909291            0.003333609514444122          
57750.0                       287.2257640967059             -349.20895345529607           1.8192126785769898            -351.02816613387307           2546.49892674665              0.06794462438967269           0.004922043902028401          
58000.0                       246.90991323759658            -349.54927514984786           1.563862650137978             -351.11313779998585           2546.49892674665              0.05972569259801488           0.0036917639665639446         
58250.0                       239.79289394322936            -349.50130368293395           1.5187853160251834            -351.0200889989591            2546.49892674665              0.07230846854591846           0.0035797398996421526         
58500.0                       253.8939037208528             -349.39895251054656           1.608097414641635             -351.0070499251882            2546.49892674665              0.07062717381196339           0.004005502367733686          
58750.0                       248.21041778229193            -349.4018503264351            1.5720997049289966            -350.9739500313641            2546.49892674665              0.07248826655316978           0.0035018866568002284         
59000.0                       290.0635066575326             -349.18982109057083           1.8371861958950786            -351.0270072864659            2546.49892674665              0.07598291002450952           0.0028051030749249597         
59250.0                       289.65617876104614            -349.0935239959962            1.8346062878009817            -350.92813028379715           2546.49892674665              0.06738230714926649           0.004117861009697777          
59500.0                       280.0896236858297             -348.7273922443363            1.774014236325825             -350.50140648066207           2546.49892674665              0.0655926992430654            0.005838922292418701          
59750.0                       306.59743380975453            -348.58225655081856           1.9419077552460817            -350.5241643060646            2546.49892674665              0.07033141465283455           0.006008254510956636          
60000.0                       301.7630727637862             -348.7439297157504            1.9112881799607562            -350.6552178957112            2546.49892674665              0.06089109842803169           0.006096363147851645          
60250.0                       293.6947402310576             -348.7873461895712            1.8601854772325526            -350.6475316668038            2546.49892674665              0.0682717159056471            0.002780544063216025          
60500.0                       281.6765821103904             -349.1229005312037            1.7840656148830891            -350.9069661460868            2546.49892674665              0.06484891139457928           0.001985323553351802          
60750.0                       320.638023079515              -348.90281041835107           2.030837166208116             -350.9336475845592            2546.49892674665              0.06715988035025534           0.001146778745090322          
61000.0                       325.9533511056505             -348.89502897948535           2.0645030602352468            -350.9595320397206            2546.49892674665              0.06329199710339939           0.0031634171344202093         
61250.0                       364.7142546506925             -348.92760038491576           2.3100044600974776            -351.23760484501327           2546.49892674665              0.06096975121049736           0.0038972770559160355         
61500.0                       327.71020278543807            -348.9976496325539            2.0756304981247418            -351.0732801306786            2546.49892674665              0.06685878933067967           0.00478167048869139           
61750.0                       279.29246733547325            -348.96869668676754           1.7689652570187724            -350.7376619437863            2546.49892674665              0.07139985974715138           0.0059035328970144            
62000.0                       294.9718546019355             -348.90466413783514           1.8682743847955654            -350.7729385226307            2546.49892674665              0.0671439384903017            0.006891672393879736          
62250.0                       271.1427773253535             -348.83135381199736           1.7173472573608786            -350.54870106935823           2546.49892674665              0.06756112244961587           0.005599620725157827          
62500.0                       324.5778637940803             -348.6333971503785            2.0557910842594853            -350.68918823463804           2546.49892674665              0.06927492039312924           0.0037068859805272475         
62750.0                       320.36877331759626            -349.05577420945355           2.0291318088139882            -351.08490601826753           2546.49892674665              0.06064014529657667           0.004371525670571856          
63000.0                       328.31792824597693            -348.9819021087818            2.0794796718448754            -351.0613817806267            2546.49892674665              0.067307576034525             0.005143625338336226          
63250.0                       323.4501738964497             -349.0254170449743            2.0486485921306032            -351.07406563710487           2546.49892674665              0.06636339641167514           0.005271509067620315          
63500.0                       302.66172356008815            -349.4158639938287            1.916979998476366             -351.3328439923051            2546.49892674665              0.06783450807030478           0.006841492632519272          
63750.0                       310.65123547826204            -349.3610104813598            1.967583472098914             -351.3285939534587            2546.49892674665              0.06224116398356156           0.0073575860911639646         
64000.0                       284.78172298133194            -349.33839741624456           1.8037327629850348            -351.1421301792296            2546.49892674665              0.06834307417790844           0.005096585717116194          
64250.0                       271.2255527550996             -349.53382747737834           1.7178715352289953            -351.25169901260733           2546.49892674665              0.05981631299687445           0.003920610715781667          
64500.0                       272.25935445365485            -349.58286541509864           1.7244193641226206            -351.3072847792213            2546.49892674665              0.06811512218716875           0.00322134244310975           
64750.0                       293.0128541287929             -349.38026936250736           1.855866589452807             -351.2361359519602            2546.49892674665              0.06660728440632364           0.003179211345389219          
65000.0                       263.3577363207095             -349.57423760920494           1.6680388488919162            -351.24227645809685           2546.49892674665              0.07531536715723162           0.002118112578279117          
65250.0                       268.2058678500329             -349.5573947035331            1.698745642808163             -351.2561403463412            2546.49892674665              0.06443150149745007           0.0026445389860386276         
65500.0                       270.4679137168722             -349.65108446204687           1.7130728482154438            -351.3641573102623            2546.49892674665              0.0680021886286963            0.003363038231976563          
65750.0                       263.0770007529031             -349.36604507544587           1.6662607434148986            -351.0323058188608            2546.49892674665              0.06574012461643437           0.004859654230586853          
66000.0                       280.7781472773699             -349.2589137013008            1.7783751642222776            -351.03728886552307           2546.49892674665              0.0667695616161909            0.005431134650080753          
66250.0                       256.11528117178386            -349.4312218002133            1.6221670369658991            -351.05338883717917           2546.49892674665              0.07121061822873283           0.0037082846293884867         
66500.0                       254.7484026873145             -349.3646810398904            1.6135095870437413            -350.9781906269341            2546.49892674665              0.07706176835255739           0.004298924300962007          
66750.0                       259.2902206348335             -349.06496721084017           1.642276271048917             -350.70724348188907           2546.49892674665              0.06264749639558542           0.005136441827170788          
67000.0                       294.1012350950123             -348.93845580263684           1.8627601091170163            -350.80121591175384           2546.49892674665              0.06768839935229112           0.004450743623854269          
67250.0                       278.6305164051709             -349.16853078731583           1.7647726333911915            -350.93330342070703           2546.49892674665              0.06417413444417275           0.005500296268215213          
67500.0                       260.17334030892357            -349.18517290248377           1.6478697195087302            -350.8330426219925            2546.49892674665              0.07163904254221302           0.005029236008937218          
67750.0                       279.6509001355295             -349.31446815279185           1.7712354763924796            -351.0857036291843            2546.49892674665              0.07469757479224164           0.0053302691066878785         
68000.0                       259.97897863027146            -349.2620201451343            1.6466386835981968            -350.9086588287325            2546.49892674665              0.06617589504368845           0.005366858214434312          
68250.0                       306.03954672159557            -349.25315412183596           1.9383742447088743            -351.19152836654484           2546.49892674665              0.06767530479277774           0.004260155449919044          
68500.0                       291.24227455405446            -349.09472831228345           1.8446522026761765            -350.9393805149596            2546.49892674665              0.05842150718872313           0.006296521823648297          
68750.0                       278.2831731811844             -349.0236178107918            1.7625726524845993            -350.7861904632764            2546.49892674665              0.06542192651650144           0.003474811435520036          
69000.0                       282.2148647996771             -349.00003815387              1.7874749562981551            -350.78751311016816           2546.49892674665              0.06477674211289525           0.0018729192219531798         
69250.0                       243.86835384688777            -348.8359051179392            1.5445982104606257            -350.3805033283998            2546.49892674665              0.06467254505970937           0.005079421109111119          
69500.0                       286.35326988029976            -348.7937091033406            1.8136865289801285            -350.60739563232073           2546.49892674665              0.07275881150474987           0.004817832459335067          
69750.0                       301.61496216934603            -348.7094277378021            1.9103500862904876            -350.6197778240926            2546.49892674665              0.06032106035609672           0.006977520032315711          
70000.0                       335.4509849057504             -348.9124520527839            2.124658582425121             -351.03711063520905           2546.49892674665              0.06877643227319799           0.006000898844969182          
70250.0                       302.21334355777657            -349.19507205304626           1.9141400771079229            -351.10921213015416           2546.49892674665              0.06210433747366093           0.006941426031475778          
70500.0                       295.4774937141647             -349.0842921427489            1.8714769703527652            -350.95576911310167           2546.49892674665              0.06536706866190783           0.007269759581749156          
70750.0                       280.87495772517315            -349.29270436508557           1.7789883362147563            -351.0716927013003            2546.49892674665              0.06048191500172642           0.00456928988579233           
71000.0                       279.1920695050194             -349.3904538494736            1.7683293634852042            -351.1587832129588            2546.49892674665              0.059113654212363385          0.005145338983647901          
71250.0                       317.4545229593691             -349.00413952764455           2.0106737111676733            -351.0148132388122            2546.49892674665              0.06555663850698716           0.003947265118517614          
71500.0                       308.3106518653534             -349.04805465084206           1.9527588292007954            -351.00081348004284           2546.49892674665              0.058759545141079436          0.003218570267965111          
71750.0                       250.3190768064084             -349.39018446411757           1.5854553982928303            -350.9756398624104            2546.49892674665              0.06741434189822476           0.003463423545716798          
72000.0                       292.75561475010915            -349.61841768684525           1.854237302676941             -351.4726549895222            2546.49892674665              0.06256137815790389           0.0024389419710324363         
72250.0                       252.36918841885534            -349.3080179703032            1.5984402677024063            -350.9064582380056            2546.49892674665              0.06771821266619504           0.002837300456003477          
72500.0                       270.3401563733386             -349.2423627333698            1.7122636666997515            -350.95462640006957           2546.49892674665              0.069762845477789             0.0031593263672594443         
72750.0                       273.5649260736626             -349.07563466659553           1.7326885124400704            -350.8083231790356            2546.49892674665              0.07108065850787271           0.0033754277554967848         
73000.0                       336.888926376116              -348.6613032929531            2.1337661266670787            -350.7950694196202            2546.49892674665              0.07467439892161168           0.003983791234527156          
73250.0                       323.234037064458              -348.75869537534044           2.047279638108309             -350.80597501344874           2546.49892674665              0.06353645272710672           0.004350498498287835          
73500.0                       318.7875362500497             -348.8202513714998            2.0191166678318995            -350.8393680393317            2546.49892674665              0.06010327895514308           0.004056739553862967          
73750.0                       319.1008946231133             -348.9004605185301            2.0211013976036467            -350.9215619161338            2546.49892674665              0.05839393676208907           0.005906241982899412          
74000.0                       315.5062434771272             -348.8614294869462            1.9983338197702132            -350.8597633067164            2546.49892674665              0.0600307044877257            0.006670302274212379          
74250.0                       296.32094736272995            -349.0122894489039            1.8768191846074214            -350.88910863351134           2546.49892674665              0.0634132496910969            0.006563560420992066          
74500.0                       351.88922008106               -348.9853312406713            2.2287740538850036            -351.2141052945563            2546.49892674665              0.061579264360695746          0.004214266243340418          
74750.0                       326.5806320402998             -348.9800785788641            2.0684760932009087            -351.048554672065             2546.49892674665              0.06816654060310091           0.005312487486440188          
75000.0                       314.80669090861807            -349.0487206958632            1.9939030372254605            -351.04262373308865           2546.49892674665              0.06881607694813915           0.003742708433153105          
75250.0                       341.6582521501499             -349.02772599571887           2.1639737855923595            -351.19169978131123           2546.49892674665              0.0733994054100302            0.0028536101553438766         
75500.0                       312.7489351393206             -349.1789441484433            1.980869751730708             -351.159813900174             2546.49892674665              0.07293880809308968           0.0022681000066035193         
75750.0                       358.66239035504634            -349.0419254829269            2.2716735384606563            -351.3135990213876            2546.49892674665              0.06336097292580166           0.004237458870179571          
76000.0                       310.76417981237034            -348.8653243216338            1.9682988318969092            -350.8336231535307            2546.49892674665              0.06225347552348165           0.004079043085508453          
76250.0                       314.4364946770827             -348.5400169425021            1.9915583113611615            -350.5315752538633            2546.49892674665              0.06065491337319952           0.004769649097231717          
76500.0                       277.24726359971964            -348.5909703155405            1.7560114728133163            -350.34698178835384           2546.49892674665              0.06521553021783526           0.0067366397612739085         
76750.0                       341.20234285199047            -348.39138816171965           2.161086175638214             -350.55247433735786           2546.49892674665              0.06860166492612485           0.005135281006842539          
77000.0                       386.6535746172725             -348.4280804487331            2.4489623602290327            -350.87704280896213           2546.49892674665              0.06477443389968088           0.005976833498713755          
77250.0                       397.4342805656229             -348.22738431933413           2.5172445249816557            -350.7446288443158            2546.49892674665              0.07158565863199648           0.0033912582766742264         
77500.0                       257.49671805612996            -349.07698983290373           1.6309166959756325            -350.7079065288794            2546.49892674665              0.061891709301303395          0.001339907230011655          
77750.0                       292.98935940109               -349.05870493841917           1.8557177800079045            -350.9144227184271            2546.49892674665              0.06844048871528269           0.0033240749671725            
78000.0                       312.7091409670853             -349.00683046122975           1.9806177058778867            -350.98744816710763           2546.49892674665              0.06556974605253486           0.005340169932995888          
78250.0                       294.81788506064237            -348.94841388792736           1.8672991820921585            -350.8157130700195            2546.49892674665              0.06233827583954908           0.004824859287826107          
78500.0                       306.92703082561565            -348.7917494383912            1.9439953363235014            -350.7357447747147            2546.49892674665              0.0691652062925084            0.003030813049698903          
78750.0                       340.33940770661513            -349.00479980641666           2.1556205706908527            -351.1604203771075            2546.49892674665              0.06909847298449504           0.002226076760395711          
79000.0                       291.56664664880344            -349.2605490708454            1.8467066904732576            -351.10725576131864           2546.49892674665              0.06876100635051467           0.0029282061767505877         
79250.0                       342.4355371279438             -349.0429041613945            2.1688969048359175            -351.2118010662304            2546.49892674665              0.07510607270593672           0.0030269519376417836         
79500.0                       272.3295467021804             -349.0359325913197            1.7248639434202233            -350.76079653473994           2546.49892674665              0.07457486572530145           0.005674101436385627          
79750.0                       279.18368569652716            -348.7014948706614            1.768276262640467             -350.4697711333019            2546.49892674665              0.06807117071372447           0.006270229441410917          
80000.0                       366.27109675607034            -348.56548614571085           2.319865089785601             -350.88535123549644           2546.49892674665              0.07150458076385566           0.006796083329727064          
80250.0                       333.74161705511085            -348.92699187693347           2.113831894659088             -351.04082377159256           2546.49892674665              0.07736438853140008           0.005310461203152306          
80500.0                       303.09936033646204            -348.813222468329             1.9197518750686164            -350.73297434339764           2546.49892674665              0.07263323309329855           0.00441419129150497           
80750.0                       406.2001115226556             -348.44515134531594           2.5727649998438187            -351.01791634515973           2546.49892674665              0.06106560945586372           0.0032138084603578025         
81000.0                       312.96172197407424            -348.8191415126602            1.9822174877488725            -350.8013590004091            2546.49892674665              0.05667999456252414           0.003539960981063973          
81250.0                       256.3518464405756             -348.9192554250302            1.6236653793505051            -350.5429208043807            2546.49892674665              0.06882587069500506           0.003405484590661085          
81500.0                       311.7190422684551             -348.760852445482             1.9743466803267657            -350.7351991258088            2546.49892674665              0.07117221746230233           0.003152283983444084          
81750.0                       279.74179872882496            -348.76101037717956           1.771811204248607             -350.53282158142815           2546.49892674665              0.059627342568067156          0.0049774770298826815         
82000.0                       317.0041311090222             -348.5892231025311            2.0078210472812854            -350.5970441498124            2546.49892674665              0.05839145198623895           0.004975417970014878          
82250.0                       330.2988995681267             -348.8241840710714            2.0920266247844417            -350.91621069585585           2546.49892674665              0.07065175904520579           0.005663147242646563          
82500.0                       296.0094998948864             -348.7852655056175            1.8748465580082945            -350.6601120636258            2546.49892674665              0.06519187146898973           0.004635670236168486          
82750.0                       307.75410488635157            -349.12494658952875           1.9492338065636097            -351.07418039609234           2546.49892674665              0.06719379242530987           0.00392995918389597           
83000.0                       280.72119604213077            -349.5253323421073            1.778014450031009             -351.3033467921383            2546.49892674665              0.06803691774427995           0.004335735252559914          
83250.0                       250.1755991631036             -349.774540461993             1.5845466485202837            -351.3590871105133            2546.49892674665              0.06776948579046271           0.0039347929569040945         
83500.0                       229.4939417794067             -349.8192507394605            1.453554453426883             -351.27280519288735           2546.49892674665              0.06505034581685139           0.003536747379218353          
83750.0                       244.05254227467654            -349.6439209793625            1.545764811667639             -351.1896857910302            2546.49892674665              0.0647696985272642            0.004039661900813704          
84000.0                       280.929284332118              -349.3301643191929            1.7793324266985924            -351.1094967458915            2546.49892674665              0.07517609753467201           0.0032895310477545655         
84250.0                       269.4279937252856             -349.1554849101806            1.7064862676579873            -350.86197117783854           2546.49892674665              0.06304231294033584           0.004947261021175265          
84500.0                       325.5557569429506             -348.77313547101096           2.061984803058748             -350.8351202740697            2546.49892674665              0.0742815477608278            0.00477472910454852           
84750.0                       341.14078500870846            -348.5496039385856            2.160696284399464             -350.7103002229851            2546.49892674665              0.06082858954631928           0.005899849122992295          
85000.0                       299.3954831788056             -349.0430256196928            1.8962924883165575            -350.93931810800933           2546.49892674665              0.06909447572863342           0.005272940500121531          
85250.0                       272.63609554973027            -348.9867022575963            1.7268055434428389            -350.7135078010391            2546.49892674665              0.07272915261735786           0.0033671593055177728         
85500.0                       276.7007487677828             -348.8328005876889            1.7525499911651896            -350.5853505788541            2546.49892674665              0.062493957679337624          0.00360511956370727           
85750.0                       261.04911826638164            -349.31642267021846           1.6534166674604105            -350.9698393376789            2546.49892674665              0.07019757297061108           0.004390303553427159          
86000.0                       283.71243667949665            -349.3141537077944            1.7969601839183724            -351.11111389171276           2546.49892674665              0.06443101578939887           0.0049305831068913826         
86250.0                       307.7826317565586             -349.56136991749975           1.9494144882796944            -351.5107844057794            2546.49892674665              0.06513712934779486           0.006003821463216454          
86500.0                       296.3615473160939             -349.28160435801107           1.8770763340666334            -351.1586806920777            2546.49892674665              0.06634671174174035           0.005870153516313692          
86750.0                       287.2199514414081             -349.12040199439605           1.8191758627424242            -350.9395778571385            2546.49892674665              0.07263813904172958           0.0050105471637798245         
87000.0                       282.19299595439594            -348.87897745671455           1.7873364447662021            -350.66631390148075           2546.49892674665              0.0744710436548899            0.0035573542788167275         
87250.0                       311.62783234807847            -348.65433820049503           1.973768980606537             -350.6281071811016            2546.49892674665              0.06416854741394559           0.0028845032413433824         
87500.0                       370.15606781635495            -348.7324970040544            2.344471477833697             -351.07696848188806           2546.49892674665              0.0688130961825484            0.002538259305873996          
87750.0                       293.2897336693074             -348.91576533668086           1.857620271864016             -350.77338560854486           2546.49892674665              0.06210193367574751           0.005181921036011367          
88000.0                       304.5182501603406             -349.03634201144183           1.9287387511771075            -350.9650807626189            2546.49892674665              0.0727604308991012            0.004403104370423323          
88250.0                       230.14475150962755            -349.3284605337655            1.4576765116143944            -350.7861370453799            2546.49892674665              0.06428359791450139           0.0020191785547675717         
88500.0                       280.97526529788               -349.3863440750668            1.779623658079421             -351.1659677331462            2546.49892674665              0.0679538804288671            0.003010243643814184          
88750.0                       287.27316997807554            -349.42284049040785           1.819512934999661             -351.2423534254075            2546.49892674665              0.05895947153041253           0.004738887498380854          
89000.0                       265.53833878171133            -349.4167145089943            1.6818502131212587            -351.09856472211555           2546.49892674665              0.06265342786018603           0.004599524390911135          
89250.0                       229.32199174268362            -349.47714323334463           1.4524653669799474            -350.92960860032457           2546.49892674665              0.06065744653246538           0.005604634991728474          
89500.0                       255.31829804500333            -349.57016685052946           1.6171191548115569            -351.18728600534104           2546.49892674665              0.06588218600036784           0.004620340014206939          
89750.0                       272.9071561303151             -349.2317792024777            1.7285223700875973            -350.9603015725653            2546.49892674665              0.06834429846340635           0.0043733996119925235         
90000.0                       260.32958695547364            -349.3039461075108            1.6488593447997726            -350.95280545231054           2546.49892674665              0.07632627487128674           0.005101524992341916          
90250.0                       304.0474109839577             -348.90884702277305           1.9257565792889404            -350.834603602062             2546.49892674665              0.07630894657611019           0.005241508925528419          
90500.0                       297.56334704196155            -348.69274620840974           1.884688218415813             -350.57743442682556           2546.49892674665              0.06784604870339957           0.00607721875021004           
90750.0                       341.5916347319887             -348.9461112132896            2.1635518483329563            -351.10966306162254           2546.49892674665              0.06146478397818261           0.003434261918012748          
91000.0                       307.6615747047361             -349.3083302378133            1.9486477446548693            -351.2569779824682            2546.49892674665              0.06372782546785531           0.003897282662221429          
91250.0                       305.94423939357426            -349.39545898805983           1.9377705930829734            -351.3332295811428            2546.49892674665              0.06622952529744743           0.0028391109865759747         
91500.0                       277.4942278331901             -349.33387860034605           1.7575756795135664            -351.09145427985965           2546.49892674665              0.0650555910340808            0.00220163836325583           
91750.0                       286.26357862462856            -349.2640199592385            1.8131184480839468            -351.0771384073225            2546.49892674665              0.0664328850393497            0.004537474438908872          
92000.0                       232.71851330674377            -349.42698031055295           1.4739780439914636            -350.9009583545444            2546.49892674665              0.06940665481371025           0.004001068121903283          
92250.0                       276.0898295909073             -349.2668389150274            1.748680589283179             -351.0155195043106            2546.49892674665              0.07254657606863152           0.004140614093069861          
92500.0                       260.28695227319486            -349.36027669034416           1.648589307901124             -351.0088659982453            2546.49892674665              0.07764602276598258           0.004407661705269828          
92750.0                       265.5861116113282             -349.3464254084631            1.6821527936979135            -351.02857820216104           2546.49892674665              0.06686613582620574           0.006851361274628649          
93000.0                       280.16710480502877            -349.4270329404977            1.774504981419116             -351.20153792191684           2546.49892674665              0.0697441752809726            0.005698209936737724          
93250.0                       223.0947485241849             -349.6325339505871            1.413023641230508             -351.0455575918176            2546.49892674665              0.06879600949989088           0.005953023023012916          
93500.0                       272.1450623462975             -349.5416755079163            1.723695467882255             -351.26537097579853           2546.49892674665              0.07427660213214618           0.003903663691651198          
93750.0                       267.7009179841263             -349.53017803258473           1.6955474227564487            -351.2257254553412            2546.49892674665              0.06626996866694713           0.0042339425941855975         
94000.0                       291.94011536979656            -349.54073579057655           1.8490721434277282            -351.3898079340043            2546.49892674665              0.06790355506973715           0.0045119729925067594         
94250.0                       252.1675507924641             -349.56286307579995           1.5971631478466626            -351.16002622364664           2546.49892674665              0.06684474020227259           0.005061171535036155          
94500.0                       262.5770261585788             -349.4079735116458            1.66309403542886              -351.0710675470747            2546.49892674665              0.06765812788501724           0.003433002733972576          
94750.0                       228.58815848361093            -349.4327987214492            1.4478174595296358            -350.88061618097885           2546.49892674665              0.058474394930074225          0.005029015060020101          
95000.0                       282.86218495842104            -349.5321830883188            1.7915749124549045            -351.3237580007737            2546.49892674665              0.06478669359166328           0.0018337081771551916         
95250.0                       276.13955634607345            -349.45270842580504           1.7489955455119397            -351.201703971317             2546.49892674665              0.07041360083706133           0.0032902437730505632         
95500.0                       255.2480602046709             -349.2287551324411            1.6166742867474038            -350.8454294191885            2546.49892674665              0.05731978470252427           0.004632946477634778          
95750.0                       294.001529737578              -349.15582849513237           1.862128601525986             -351.01795709665834           2546.49892674665              0.06843699447124069           0.0052292440035357724         
96000.0                       290.2324902063088             -349.30794205476764           1.838256493385178             -351.1461985481528            2546.49892674665              0.07121553183487359           0.005833552363741873          
96250.0                       227.83757844041682            -349.79472309972243           1.443063482339742             -351.2377865820622            2546.49892674665              0.06697828656363516           0.006261075824190026          
96500.0                       280.04137937790426            -349.4089886347202            1.7737086695291862            -351.18269730424936           2546.49892674665              0.0648312068007131            0.00502774449600116           
96750.0                       279.84076521431945            -349.56897308945344           1.772438032018504             -351.34141112147194           2546.49892674665              0.0678273452655785            0.003322759804969592          
97000.0                       257.7934281551529             -349.537574765133             1.6327959799448195            -351.17037074507783           2546.49892674665              0.06930911475910836           0.0026534572772030397         
97250.0                       285.46501784441404            -349.336249532784             1.8080605734864175            -351.14431010627044           2546.49892674665              0.0704336766492685            0.002748292063229679          
97500.0                       288.4142017587994             -349.08158594966176           1.826739931117785             -350.90832588077956           2546.49892674665              0.0673045989106178            0.0033593470206490805         
97750.0                       249.24530430191916            -349.2029855913389            1.5786544047948499            -350.7816399961338            2546.49892674665              0.06955769021272819           0.004136043555476818          
98000.0                       293.0157262621414             -349.0398019324402            1.8558847807923569            -350.8956867132325            2546.49892674665              0.06643752414381536           0.003590319889154867          
98250.0                       263.0946842044531             -349.4606310887808            1.6663727457603774            -351.1270038345412            2546.49892674665              0.07467603791802077           0.0022728262707304276         
98500.0                       311.11444283319605            -349.3216771019318            1.9705173060311039            -351.29219440796294           2546.49892674665              0.06790005728824984           0.003067433579796806          
98750.0                       266.9147173185998             -349.27381691306              1.6905678338845052            -350.9643847469445            2546.49892674665              0.07149443828949567           0.0019266766351838532         
99000.0                       264.75088785457336            -348.87902334893              1.6768627054200893            -350.5558860543501            2546.49892674665              0.07479610791950649           0.002465237708592882          
99250.0                       341.1935050861499             -349.0879094814125            2.1610301995466608            -351.24893968095915           2546.49892674665              0.06728659472672818           0.0037917831204034567         
99500.0                       328.96865102707756            -348.9271813285557            2.0836011793194573            -351.01078250787515           2546.49892674665              0.06898690059855626           0.004076813352865956          
99750.0                       313.1645876031605             -348.4966323197358            1.9835023854517018            -350.4801347051875            2546.49892674665              0.07734968194734548           0.004013219358064418          
100000.0                      347.61018891218356            -348.9947769288969            2.2016717924324927            -351.1964487213294            2546.49892674665              0.07013947194146465           0.0036841656148380204         
