CMo16S32_5b4b6f
time                          T                             E_tot                         E_kin                         E_pot                         V                             MSD                           P_internal                    
0                             300.00000000000006            -344.54886503064125           1.9001213393563958            -346.44898636999767           2546.49892674665              0.0                           0.01747126941817934           
250.0                         286.6672229884348             -348.49657730146515           1.815675025647877             -350.312252327113             2546.49892674665              0.00932677466182835           0.008310189519321432          
500.0                         299.0204760799489             -348.4815439327855            1.8939172916800648            -350.37546122446554           2546.49892674665              0.012639174768754287          0.008130199123611627          
750.0                         312.39377886440224            -348.4558205910217            1.978620285008112             -350.4344408760298            2546.49892674665              0.016946410445988835          0.006967864208996015          
1000.0                        293.0155250152902             -348.4133349575064            1.855883506147569             -350.26921846365394           2546.49892674665              0.015952296467823694          0.004418717475165697          
1250.0                        320.3305483608305             -348.8574144061189            2.0288897019604994            -350.8863041080794            2546.49892674665              0.029791910254158248          0.003895714829775585          
1500.0                        346.7313446268823             -349.27050479849225           2.1961054231642514            -351.4666102216565            2546.49892674665              0.03396542651289576           0.002162652043229691          
1750.0                        320.3783314651787             -349.18134035172176           2.0291923476146083            -351.21053269933634           2546.49892674665              0.031017763953516186          0.002364487463938181          
2000.0                        309.8959150054227             -349.1167697050359            1.962799470270598             -351.0795691753065            2546.49892674665              0.03701262176938802           0.0035146626338053498         
2250.0                        278.333018212993              -348.9627847299926            1.7628883578466008            -350.7256730878392            2546.49892674665              0.04117129947410751           0.00406239891267017           
2500.0                        370.44468242667233            -348.49918251460247           2.3462994871000773            -350.8454820017025            2546.49892674665              0.029088796014965185          0.004256400038980212          
2750.0                        340.99328636509               -348.97554762675696           2.1597620666652455            -351.1353096934222            2546.49892674665              0.02609616357235511           0.0033555969907572594         
3000.0                        302.0292848358502             -349.04316605746374           1.912974297423833             -350.95614035488757           2546.49892674665              0.03164039552802437           0.00503146517544603           
3250.0                        241.82927969423667            -349.1670687678326            1.5316832494273511            -350.69875201725995           2546.49892674665              0.03226308440420505           0.006478336410682285          
3500.0                        329.57114364802294            -348.999068008276             2.087417209605668             -351.0864852178817            2546.49892674665              0.027528675832709487          0.003946923885860292          
3750.0                        236.38217103503533            -349.5802631236076            1.4971826914235462            -351.0774458150311            2546.49892674665              0.027921295170438037          0.002528897700319865          
4000.0                        277.78770712268056            -349.5491580097573            1.7594345003822995            -351.30859251013965           2546.49892674665              0.03292738331866784           0.0028311239725642423         
4250.0                        290.00741241104856            -348.7499193919815            1.8368309096458804            -350.5867503016274            2546.49892674665              0.03724730226867218           0.0055082538608636515         
4500.0                        359.1512226198186             -348.24085472039025           2.2747696738528553            -350.5156243942431            2546.49892674665              0.03744137222270514           0.0020903538165205405         
4750.0                        233.7005183909113             -349.3136528061933            1.4801978067107409            -350.79385061290407           2546.49892674665              0.035513642426342126          0.004268496453269995          
5000.0                        311.8591791574461             -349.0149380194566            1.9752342706374417            -350.99017229009405           2546.49892674665              0.031038412503720043          0.002604838489997032          
5250.0                        248.65353872564134            -349.2675533668971            1.5749063167969097            -350.842459683694             2546.49892674665              0.0310850472675189            0.003410746870586357          
5500.0                        303.3442122665438             -349.1972372831991            1.9213027029930532            -351.11853998619216           2546.49892674665              0.030332489859722905          0.004725214726067664          
5750.0                        311.49333869137484            -348.7077710662933            1.9729171330495017            -350.6806881993428            2546.49892674665              0.026954937749944008          0.0026398220596762106         
6000.0                        247.70840088517068            -349.0955515908849            1.568920061532538             -350.66447165241743           2546.49892674665              0.03794656358053675           0.0023099500498586644         
6250.0                        317.0572673068279             -348.7919600043597            2.0081575980257615            -350.80011760238546           2546.49892674665              0.035814707058165474          0.002369450270261663          
6500.0                        364.670771863412              -348.6181464405299            2.309729051524123             -350.92787549205406           2546.49892674665              0.03173626153476155           0.00345215102480532           
6750.0                        354.7115396793658             -348.95383791055866           2.246649886202419             -351.2004877967611            2546.49892674665              0.03506910192157718           0.003371971025097584          
7000.0                        312.6904629840464             -349.14370018845364           1.9804994044307254            -351.12419959288434           2546.49892674665              0.02970356410815195           0.0020849283700100593         
7250.0                        348.83186923893624            -348.88939537276906           2.2094095952949417            -351.098804968064             2546.49892674665              0.03276563992111351           0.0029348449838654863         
7500.0                        304.92172339965157            -349.10884975595144           1.931294244883354             -351.0401440008348            2546.49892674665              0.028727822743768207          0.0033122049000143365         
7750.0                        300.3380295649167             -349.1610602449834            1.9022623299885006            -351.0633225749719            2546.49892674665              0.03405386959674206           0.004538569631402834          
8000.0                        317.59832308710503            -348.6324030126758            2.0115845034720508            -350.64398751614783           2546.49892674665              0.02722172158964109           0.0025956492424090566         
8250.0                        327.00790671947624            -349.0014892316352            2.0711823389864747            -351.0726715706217            2546.49892674665              0.032602124529910834          0.005544869565020909          
8500.0                        289.955892954944              -348.94398648150855           1.836504598919426             -350.78049108042796           2546.49892674665              0.03770084824838528           0.0021481616477671216         
8750.0                        322.49282130856113            -349.14098431388834           2.0425849718588194            -351.1835692857472            2546.49892674665              0.033076039124035526          0.004766162725347821          
9000.0                        331.49514573072986            -348.936044603606             2.0996033343200597            -351.03564793792606           2546.49892674665              0.03168187939578466           0.004794368913907999          
9250.0                        280.19638756307523            -349.25474771232444           1.7746904507305805            -351.02943816305503           2546.49892674665              0.0300351067675509            0.002642204667441758          
9500.0                        246.0235658883556             -349.31051484349746           1.558248758430062             -350.8687636019275            2546.49892674665              0.030699286371588634          0.005625245534119152          
9750.0                        239.90586602188526            -349.61590011955104           1.5195008515498685            -351.1354009711009            2546.49892674665              0.029851427066041332          0.0029243028476255394         
10000.0                       315.84351688306884            -348.8957119845635            2.0004700210896367            -350.89618200565315           2546.49892674665              0.032562397593787346          0.005436404413533485          
10250.0                       251.62671996893263            -349.30924132804              1.5937376672174164            -350.9029789952574            2546.49892674665              0.031339421165929617          0.00561840337586925           
10500.0                       331.44102830049025            -349.17557649334657           2.099260568706628             -351.2748370620532            2546.49892674665              0.03217223410306178           0.004537248155960634          
10750.0                       270.4983435429551             -348.77187597053756           1.7132655827550876            -350.48514155329264           2546.49892674665              0.028269851995632936          0.0067040765740225            
11000.0                       272.9149422723265             -349.056004268827             1.7285716854695545            -350.78457595429654           2546.49892674665              0.03716166738614689           0.00370938050856556           
11250.0                       293.94242998247694            -348.9629911242994            1.8617542791732586            -350.82474540347266           2546.49892674665              0.03394916220744951           0.0023352375597964184         
11500.0                       266.4443627421098             -349.53348128236286           1.6875887313249962            -351.22107001368784           2546.49892674665              0.027905858641525866          0.0025461447276884284         
11750.0                       274.4674627721253             -349.10172981887746           1.7384049432410744            -350.8401347621185            2546.49892674665              0.03370312673732646           0.0015154545530543804         
12000.0                       328.71521537789647            -348.7117497209605            2.0819959843689153            -350.7937457053294            2546.49892674665              0.03494350015598727           0.004083675260301654          
12250.0                       316.19976919428257            -348.7134009477752            2.002726429818744             -350.7161273775939            2546.49892674665              0.038248730293369435          0.005408953787002092          
12500.0                       246.11261658241455            -348.92455943027977           1.5588127821769484            -350.48337221245674           2546.49892674665              0.03503646937314984           0.002257462307314687          
