CMo16S32_f64ae0
time                          T                             E_tot                         E_kin                         E_pot                         V                             MSD                           P_internal                    
0                             300.00000000000017            -344.5488650306413            1.9001213393563963            -346.4489863699977            2546.49892674665              0.0                           0.01747126941817931           
250.0                         246.15192664148663            -348.4360877212214            1.559061761783929             -349.9951494830053            2546.49892674665              0.00760054972527899           0.007679821292000115          
500.0                         292.07054548103764            -348.08489842468737           1.849898253553274             -349.9347966782406            2546.49892674665              0.005704762708293575          0.009670284061993634          
750.0                         293.79605318252226            -348.4561907439269            1.8608271669026564            -350.3170179108296            2546.49892674665              0.006161068763234084          0.00905331143653126           
1000.0                        276.30691374562593            -348.51728878975945           1.7500555433992357            -350.2673443331587            2546.49892674665              0.005915195496172487          0.009592532717246626          
1250.0                        347.3791988908201             -347.6493774394367            2.2002087622032556            -349.84958620163997           2546.49892674665              0.006758874896414218          0.01024871240904123           
1500.0                        308.7828836850978             -348.11674075999844           1.95574982172686              -350.0724905817253            2546.49892674665              0.0056589855161364964         0.008918520854376702          
1750.0                        268.8125260479118             -348.4690312826362            1.7025880567664469            -350.17161933940264           2546.49892674665              0.0055560051448087025         0.006297317507325896          
2000.0                        311.29838236239596            -348.23833218410795           1.971682330779717             -350.2100145148877            2546.49892674665              0.0060905790881131345         0.006783795831308312          
2250.0                        376.7655267817143             -347.26324356861255           2.386334057905963             -349.6495776265185            2546.49892674665              0.008011660567074407          0.008201384141030008          
2500.0                        341.42686491227016            -347.9439301993516            2.1625082394978596            -350.10643843884947           2546.49892674665              0.006576303048261117          0.010190440710239454          
2750.0                        276.2376920148522             -348.29648505371165           1.7496171111066012            -350.04610216481825           2546.49892674665              0.006820973727998122          0.011226775782850536          
3000.0                        390.67827463207664            -347.39659637633315           2.474453754837824             -349.871050131171             2546.49892674665              0.007209964680762618          0.009864282662452671          
3250.0                        260.58804643242763            -348.2649859860377            1.6504963593581696            -349.91548234539584           2546.49892674665              0.005838986327362919          0.0067710068798203975         
3500.0                        311.9788600694776             -348.22362416596025           1.9759922981536575            -350.1996164641139            2546.49892674665              0.005559098803845819          0.008637930042877428          
3750.0                        268.4998518053025             -348.2051745263414            1.700607660097617             -349.905782186439             2546.49892674665              0.006423365435168063          0.007367226278199232          
4000.0                        289.0616142046499             -348.3885673217998            1.83084047179687              -350.2194077935967            2546.49892674665              0.0060018644832744794         0.010023370398386534          
4250.0                        280.23870849793144            -348.38317437989514           1.7749585004353197            -350.15813288033047           2546.49892674665              0.005702671942646662          0.007852246025236759          
4500.0                        273.2460148352328             -347.6278547753359            1.730668612275067             -349.35852338761094           2546.49892674665              0.007850629330244094          0.00883862333153376           
4750.0                        310.5873059627037             -348.3605660295932            1.9671785593098234            -350.32774458890304           2546.49892674665              0.00561452404357355           0.007878864754489555          
5000.0                        260.4911641321039             -348.25025926464866           1.6498827322706664            -349.90014199691933           2546.49892674665              0.006830742805864886          0.007436707265406235          
5250.0                        301.86696591484264            -348.348445865177             1.9119462119385404            -350.2603920771155            2546.49892674665              0.006105472203790555          0.008962381742341183          
5500.0                        299.47814823948806            -347.80102300221967           1.896816067135964             -349.6978390693556            2546.49892674665              0.009716893498542933          0.009772543932356588          
5750.0                        301.17105292155               -348.261222158909             1.9075384815089045            -350.1687606404179            2546.49892674665              0.005141927415204374          0.01051633329431195           
6000.0                        291.07654512341173            -348.3794376252124            1.8436025159170977            -350.2230401411295            2546.49892674665              0.010698689453946983          0.008451658642711512          
6250.0                        302.62110596242553            -348.77475044491956           1.916722737262792             -350.69147318218234           2546.49892674665              0.019405379836648196          0.006978125801615396          
6500.0                        352.0067825853587             -348.4052994333846            2.2295186639620908            -350.6348180973467            2546.49892674665              0.023668771989952528          0.004527765804789351          
6750.0                        287.0422134601048             -349.2371484455727            1.8180501169721288            -351.05519856254483           2546.49892674665              0.028047222694734586          0.005602105501372879          
7000.0                        340.50624344798166            -348.64938058866414           2.156677264531979             -350.80605785319614           2546.49892674665              0.02893396567710779           0.0049521802427008625         
7250.0                        293.49258902676615            -349.1197653686652            1.8589051045090499            -350.97867047317425           2546.49892674665              0.034586167428969104          0.006465130540426846          
7500.0                        297.58990851281965            -349.1959354454215            1.8848564518077533            -351.0807918972293            2546.49892674665              0.034267006049388066          0.005406434017632141          
7750.0                        384.873664738491              -348.43372449906917           2.4376888777530192            -350.8714133768222            2546.49892674665              0.03388272440002144           0.004660730972063967          
8000.0                        296.4003152596804             -349.6293967329548            1.8773218800562723            -351.50671861301106           2546.49892674665              0.028207155008719             0.0035207359586246225         
8250.0                        337.0384449823647             -348.8843665659755            2.1347131383149587            -351.01907970429045           2546.49892674665              0.02619514113828694           0.004793376375543027          
8500.0                        319.6479654625716             -348.6675031065354            2.024566400857628             -350.692069507393             2546.49892674665              0.024705197051256823          0.005416485721515918          
8750.0                        304.3457089204011             -348.87279395178393           1.927645920204014             -350.8004398719879            2546.49892674665              0.0299038507033898            0.00447038930561509           
9000.0                        303.64317321989665            -348.7395618068836            1.9231962432833867            -350.662758050167             2546.49892674665              0.0290693273073563            0.0030809781721769826         
9250.0                        344.11336059083106            -348.63293704425087           2.179523798720934             -350.8124608429718            2546.49892674665              0.027604009023910702          0.003290901152934608          
9500.0                        304.8016063353936             -349.12854479298045           1.9305334548932962            -351.05907824787374           2546.49892674665              0.02725404557881529           0.005682522278605458          
9750.0                        321.49294427073306            -349.11510242333406           2.036252012871121             -351.15135443620517           2546.49892674665              0.02880962048512077           0.005618608299672294          
10000.0                       332.38462318729876            -348.7024088729637            2.1052370513070695            -350.8076459242708            2546.49892674665              0.03423820460595296           0.005097384577830468          
