CMo16S32_404b47
time                          T                             E_tot                         E_kin                         E_pot                         V                             MSD                           P_internal                    
0                             300.00000000000017            -344.5488650306413            1.9001213393563963            -346.4489863699977            2546.49892674665              0.0                           0.017471269418179333          
250.0                         309.44275128298233            -348.3825478637534            1.9599292500731609            -350.3424771138266            2546.49892674665              0.006390694767962049          0.008281970801608063          
500.0                         339.81573511173224            -347.4035360275826            2.1523037657829422            -349.5558397933656            2546.49892674665              0.010911351361529556          0.007088737474553857          
750.0                         332.39103421156193            -348.3579913199245            2.1052776570537683            -350.46326897697827           2546.49892674665              0.013628622216471329          0.00572441529790941           
1000.0                        349.271566485544              -348.4827467218869            2.212194522365394             -350.6949412442523            2546.49892674665              0.021579844546978044          0.006733984327506719          
1250.0                        266.5698410785153             -349.2171169145569            1.6883834782070999            -350.905500392764             2546.49892674665              0.030204091898665648          0.0045805572222495            
1500.0                        312.9494845152153             -348.71062899562935           1.9821399788931482            -350.6927689745225            2546.49892674665              0.03727222589664381           0.0073676780904876555         
1750.0                        329.3359411395985             -348.67645066230205           2.0859274985879095            -350.76237816088997           2546.49892674665              0.037766145834907644          0.005135864499959188          
2000.0                        357.0227138011772             -348.2273384033943            2.2612882570951593            -350.48862666048944           2546.49892674665              0.030478928625483518          0.0064075952559114364         
2250.0                        286.86579034037544            -349.04044749452015           1.8169326991902837            -350.8573801937104            2546.49892674665              0.03159641399370108           0.005600692138187385          
2500.0                        277.21978685011436            -349.3975975925224            1.755837442285779             -351.1534350348082            2546.49892674665              0.03892792786064759           0.002048643568764142          
2750.0                        294.88793374063016            -348.6329309089618            1.8677428520642871            -350.50067376102606           2546.49892674665              0.0302353016425182            0.004464071769132455          
3000.0                        390.33449941421054            -348.494169288706             2.4722763727464594            -350.9664456614525            2546.49892674665              0.03210218086845358           0.0009325050238169026         
3250.0                        281.54527630495545            -349.14568915831643           1.7832339583401278            -350.92892311665656           2546.49892674665              0.033741191998587             0.00397185297733623           
3500.0                        297.4988019048399             -348.9248376641362            1.8842794064411579            -350.8091170705774            2546.49892674665              0.03419356397330989           0.0025310025721492005         
3750.0                        270.3592301102607             -349.1611207610349            1.7123844747482413            -350.87350523578317           2546.49892674665              0.042818324546331304          0.004249602458592913          
4000.0                        298.92012642458957            -349.2147253508953            1.8932817032749139            -351.10800705417023           2546.49892674665              0.04162314489543733           0.003868271424673384          
4250.0                        299.94832426832795            -349.3522114288813            1.8997940388214725            -351.25200546770276           2546.49892674665              0.03537796907677672           0.005242232058156187          
4500.0                        259.1304971762482             -348.96108816046257           1.641264624542071             -350.60235278500465           2546.49892674665              0.03400542794084155           0.0046327003299352935         
4750.0                        287.8545775773211             -349.4715467163552            1.8231954182869625            -351.29474213464215           2546.49892674665              0.0350068723164851            0.004206710358718536          
5000.0                        334.9213759753136             -348.7426603614708            2.1213041783243325            -350.8639645397952            2546.49892674665              0.032365329094900024          0.003625787920632237          
5250.0                        319.3202838226428             -349.04966575008035           2.022490951269148             -351.0721567013495            2546.49892674665              0.02996183421682218           0.0037122802167842317         
5500.0                        327.68322506420384            -348.8337993294555            2.0754596283120605            -350.9092589577675            2546.49892674665              0.02674967144668769           0.0038006991531311218         
5750.0                        346.31900099965077            -348.74817336801425           2.193493746746751             -350.941667114761             2546.49892674665              0.030474838022791755          0.004357496020201638          
6000.0                        333.55242527520676            -348.9337532943281            2.112633603531666             -351.04638689785975           2546.49892674665              0.034498479231244716          0.0028670750358782125         
6250.0                        332.3313123532747             -348.83636375116555           2.1048993944625765            -350.9412631456281            2546.49892674665              0.03488239004152917           0.003490839952431114          
6500.0                        251.32961290883867            -349.2765554039914            1.5918558690008897            -350.86841127299226           2546.49892674665              0.037516198072346026          0.003423549315051301          
6750.0                        316.43494540640063            -348.4925793470848            2.0042159742825927            -350.4967953213674            2546.49892674665              0.02950309854132247           0.001330046101129984          
7000.0                        300.83338584752               -349.1060815999613            1.90539978679903              -351.01148138676035           2546.49892674665              0.03370164749737826           0.0030632605487572843         
7250.0                        373.2595104331331             -348.65009472167725           2.3641278696390575            -351.0142225913163            2546.49892674665              0.03333380756708409           0.004210576831216459          
7500.0                        292.2800731316056             -349.3168602243607            1.8512253467533721            -351.1680855711141            2546.49892674665              0.030718403263842856          0.006157602316856359          
7750.0                        260.8765113777203             -349.3979967583322            1.652323420685526             -351.0503201790178            2546.49892674665              0.03220133340712532           0.00372065058938446           
8000.0                        319.85504419191204            -348.7493688014855            2.025877983232783             -350.77524678471826           2546.49892674665              0.04114364317436755           0.004563855256052295          
8250.0                        347.8728288158223             -348.6866315850481            2.203335284717394             -350.8899668697655            2546.49892674665              0.03132600123296739           0.0030783499922643234         
8500.0                        307.8347927215573             -348.54735179181625           1.9497448621552793            -350.49709665397154           2546.49892674665              0.03437153468359325           0.0044697689044274486         
8750.0                        295.6308678226148             -348.9329178565269            1.8724484017406677            -350.80536625826755           2546.49892674665              0.027785085702627936          0.003714299783911234          
9000.0                        333.1014101325768             -349.3341053110188            2.109776991875386             -351.44388230289417           2546.49892674665              0.03282222374390888           0.003932439875463136          
9250.0                        274.7757617180987             -348.3751332162799            1.7403576279282247            -350.1154908442081            2546.49892674665              0.032321147565545265          0.0026739946491680425         
9500.0                        321.4921345297206             -348.7567360584881            2.0362468841838637            -350.792982942672             2546.49892674665              0.03157580342013657           0.0030935983344648464         
9750.0                        261.69480750225773            -348.7774147179729            1.6575062937793468            -350.43492101175224           2546.49892674665              0.03498327989386207           0.004382292991582542          
10000.0                       252.51560083514525            -349.34402937486976           1.599367605557537             -350.9433969804273            2546.49892674665              0.0326355766286905            0.004187082002663506          
10250.0                       329.9106924228067             -348.71412683194586           2.0895678225147307            -350.80369465446057           2546.49892674665              0.030544089961648736          0.004329697500463637          
10500.0                       293.864455039595              -349.0255855965721            1.8612604063302416            -350.88684600290236           2546.49892674665              0.03636674250484014           0.006226641033389065          
10750.0                       304.8112990364096             -348.998458197395             1.9305948459200843            -350.9290530433151            2546.49892674665              0.02938046082077723           0.004592442964217062          
11000.0                       249.9393780570337             -349.4953356544981            1.5830504859721177            -351.07838614047023           2546.49892674665              0.033812381635037234          0.0035834303378024673         
11250.0                       327.5788132606843             -348.81535675276007           2.0747983113255666            -350.89015506408566           2546.49892674665              0.03796318936076188           0.00413357953521142           
11500.0                       304.8438881846944             -349.0383292723               1.9308012570403756            -350.9691305293404            2546.49892674665              0.03294756940460077           0.004182819427609303          
11750.0                       346.2477042557855             -348.5732618339249            2.1930421718652675            -350.7663040057902            2546.49892674665              0.03785453412763477           0.003462735380074441          
12000.0                       318.42151161129425            -348.8217560052816            2.0167983637424682            -350.83855436902405           2546.49892674665              0.032310422485119776          0.0035336846109031987         
12250.0                       238.3066158906755             -349.4041586999581            1.5093716205456011            -350.9135303205037            2546.49892674665              0.03163486092261084           0.003556447672917707          
12500.0                       267.8306550528895             -348.97655284748413           1.696369143332657             -350.6729219908168            2546.49892674665              0.03341399084290356           0.007332020984490988          
