CMo16S32_f3c74e
time                          T                             E_tot                         E_kin                         E_pot                         V                             MSD                           P_internal                    
0                             300.0                         -344.5488650306413            1.9001213393563954            -346.4489863699977            2546.49892674665              0.0                           0.017471269418179333          
250.0                         452.9776737941367             -346.6893003104417            2.869041814094198             -349.5583421245359            2546.49892674665              0.02279388741227879           0.0038042339308956654         
500.0                         439.18515945685687            -347.3086969630385            2.7816836447087163            -350.09038060774725           2546.49892674665              0.023391883787100574          0.00442172265873251           
750.0                         393.10212697377654            -347.3002412516325            2.489805800030867             -349.79004705166335           2546.49892674665              0.02302044577483406           0.005220377372411951          
1000.0                        382.749450094286              -347.844542121798             2.4242346591702617            -350.26877678096827           2546.49892674665              0.025663173061517084          0.003138579460719664          
1250.0                        331.4134996999141             -348.2437747955386            2.099086209768637             -350.34286100530727           2546.49892674665              0.019894367884806717          0.003748520459688635          
1500.0                        303.6789554375001             -348.40307637274634           1.923422878467513             -350.3264992512139            2546.49892674665              0.02375103782203945           0.002610384189087532          
1750.0                        275.83722750444645            -348.6897549916289            1.747080673900345             -350.43683566552926           2546.49892674665              0.024375293240613244          0.004892723197201757          
2000.0                        324.8003333430421             -348.2750990211844            2.057200148050616             -350.33229916923506           2546.49892674665              0.02248973836045832           0.004744237839539854          
2250.0                        268.521864014017              -348.6455437013519            1.7007470796559663            -350.3462907810079            2546.49892674665              0.023520204105819842          0.00452622630534852           
2500.0                        304.0809167905302             -348.57901319725914           1.925968796282476             -350.5049819935416            2546.49892674665              0.022230587895019523          0.005481301809552468          
2750.0                        279.34878348205734            -348.5836532366655            1.7693219487250218            -350.3529751853905            2546.49892674665              0.023713506713880263          0.005745507351197054          
3000.0                        342.26576744530894            -347.9762097947859            2.167821628180083             -350.144031422966             2546.49892674665              0.028418522832392407          0.007545942377773968          
3250.0                        351.3240272882956             -347.9955675585008            2.225194270930397             -350.2207618294312            2546.49892674665              0.022694749117261957          0.008094644508128374          
3500.0                        335.7673671199541             -348.2883115607199            2.1266624644137924            -350.4149740251337            2546.49892674665              0.026290668295132835          0.005219799621029304          
3750.0                        325.7787555560514             -348.18525106383345           2.0633972178034137            -350.24864828163686           2546.49892674665              0.025516411562390994          0.0030555805421007497         
4000.0                        271.8967286678834             -348.5881157882932            1.7221225874768034            -350.31023837577              2546.49892674665              0.02026367479110988           0.004678692552114189          
4250.0                        302.68969319605657            -349.0437432715052            1.9171571508168914            -350.9609004223221            2546.49892674665              0.023868221221052876          0.005980699696891428          
4500.0                        327.52534573537264            -348.32298079300404           2.0744596620395424            -350.3974404550436            2546.49892674665              0.026306717197332307          0.005236448142668388          
4750.0                        347.49153334412983            -348.1110537728146            2.200920259176185             -350.3119740319908            2546.49892674665              0.022531826378859667          0.006208488973584482          
5000.0                        340.591534568029              -348.28182019262323           2.157217476122844             -350.4390376687461            2546.49892674665              0.023177801875378296          0.004999719805426798          
5250.0                        327.4502788312219             -347.9267538300135            2.073984207951355             -350.0007380379649            2546.49892674665              0.023023976791855312          0.006151216984950262          
5500.0                        320.08224158949935            -348.5965732327742            2.027316991977456             -350.6238902247516            2546.49892674665              0.022726604966486787          0.004990212521812347          
5750.0                        357.76043495045434            -348.32390960150065           2.265960789422613             -350.58987039092324           2546.49892674665              0.021484002959629548          0.004811658776579643          
6000.0                        323.6371661814181             -348.4158400545365            2.049832952233815             -350.4656730067703            2546.49892674665              0.023625387998983206          0.00620395727469687           
6250.0                        327.1390873222726             -348.4377376867212            2.072013202528751             -350.50975088925              2546.49892674665              0.022732525333118023          0.005258789556500314          
6500.0                        252.8455130464978             -348.7417830361078            1.6014571830005546            -350.34324021910834           2546.49892674665              0.022810205660973505          0.004904049364318414          
6750.0                        304.04166735009363            -348.41145343244636           1.9257202006180383            -350.3371736330644            2546.49892674665              0.021790683943609793          0.007888668767234316          
7000.0                        324.2009109415171             -348.224169271387             2.0534035637291965            -350.2775728351162            2546.49892674665              0.024036289594968854          0.006069866955197311          
7250.0                        227.77208417948944            -348.69116095264354           1.4426486588637637            -350.13380961150733           2546.49892674665              0.025859602074652915          0.004144032015643429          
7500.0                        274.50865044324934            -348.86972157339227           1.7386658151504784            -350.6083873885427            2546.49892674665              0.02464657458345257           0.00485643615273509           
7750.0                        302.747043046871              -348.5119803864204            1.917520389734696             -350.4295007761551            2546.49892674665              0.022160100878716806          0.005214019692036167          
8000.0                        332.7064666558815             -348.4564263711329            2.107275523449025             -350.5637018945819            2546.49892674665              0.02132623698442489           0.005741833003384866          
8250.0                        389.25482276849317            -348.28826491987786           2.4654379839660185            -350.7537029038439            2546.49892674665              0.019765560566278855          0.0061188651982789525         
8500.0                        325.458394457655              -348.3896059842862            2.061368134605538             -350.45097411889174           2546.49892674665              0.02079373508876559           0.003644720850558166          
8750.0                        231.31601032345856            -349.256330161321             1.4650949578346262            -350.72142511915564           2546.49892674665              0.024208407714909293          0.002850882481419875          
9000.0                        297.7725749047585             -348.6691601817022            1.8860134128387744            -350.555173594541             2546.49892674665              0.022606513033446456          0.005062037837429702          
9250.0                        319.8471462750564             -348.10629601072094           2.0258279598982702            -350.1321239706192            2546.49892674665              0.02259034507472445           0.003711678976702332          
9500.0                        340.7391842044825             -348.8418663111644            2.1581526502060893            -351.0000189613705            2546.49892674665              0.019820716229683337          0.005722804642138428          
9750.0                        351.2316935602851             -348.0920041045046            2.2246094533072798            -350.3166135578119            2546.49892674665              0.021111621909878812          0.007660415816489678          
10000.0                       310.05924834080594            -348.4679302086296            1.9638339807905647            -350.43176418942016           2546.49892674665              0.0241683926233151            0.005090915575687549          
10250.0                       308.0688075693435             -348.37279713398135           1.951227050841962             -350.3240241848233            2546.49892674665              0.02299945203718145           0.004836996671962937          
10500.0                       311.9631368772647             -348.7085029977626            1.9758927115768354            -350.6843957093394            2546.49892674665              0.022027893505075787          0.005731782743070531          
10750.0                       316.4410930049088             -348.47978285365764           2.00425491155963              -350.4840377652173            2546.49892674665              0.0248832797961021            0.005855062140078104          
11000.0                       323.5614614727227             -348.2493231496364            2.0493534584588753            -350.29867660809526           2546.49892674665              0.01954798362462176           0.0068384815496584685         
11250.0                       312.3405913215669             -348.21366202781036           1.9782834090576804            -350.191945436868             2546.49892674665              0.02428906853196553           0.005715167720334192          
11500.0                       287.77139896777703            -347.9919937043225            1.8226685867837202            -349.81466229110623           2546.49892674665              0.024468749467580007          0.004518768679910982          
11750.0                       334.29189045828883            -349.04390999909003           2.1173171821119507            -351.161227181202             2546.49892674665              0.03075420034143431           0.004828747055988605          
12000.0                       353.2335382607352             -348.3127233432932            2.237288612751956             -350.5500119560452            2546.49892674665              0.04605085253457577           0.003212782688160564          
12250.0                       340.2747252399804             -348.73231986962685           2.15521088890707              -350.8875307585339            2546.49892674665              0.03637693027304087           0.0053226340001068405         
12500.0                       350.2067930270753             -348.6829427861488            2.218118002061048             -350.90106078820986           2546.49892674665              0.030356906831805114          0.005769433733599112          
12750.0                       279.32669033871946            -349.2066580998707            1.769182016547989             -350.9758401164187            2546.49892674665              0.0360250843297409            0.004594504800696405          
13000.0                       340.82889589515344            -349.1945615357803            2.1587208605322012            -351.35328239631247           2546.49892674665              0.029223135287432426          0.0033787007548047843         
13250.0                       326.53465167095294            -348.8612066939792            2.068184865597617             -350.92939155957686           2546.49892674665              0.0316671241574311            0.0068578263350954115         
13500.0                       315.3568109820287             -349.209987649428             1.9973873535277802            -351.20737500295576           2546.49892674665              0.03324249392630351           0.004546645429484458          
13750.0                       284.307949953471              -349.1863624121799            1.8007320088508678            -350.98709442103075           2546.49892674665              0.034203657894464064          0.004789038820673467          
14000.0                       282.88459866025164            -349.1577933115153            1.791716874965379             -350.9495101864807            2546.49892674665              0.029318822428110555          0.00398615081911163           
14250.0                       212.34408242314785            -349.6172171258803            1.344931740994255             -350.96214886687454           2546.49892674665              0.03267641429015034           0.00451515696069182           
14500.0                       310.99720419439046            -349.1738764825941            1.969774747233132             -351.14365122982724           2546.49892674665              0.03445803720551544           0.0024283548746058202         
14750.0                       324.2322228360618             -349.1129720746586            2.0536018850591966            -351.1665739597178            2546.49892674665              0.03286879947321475           0.003786058491751225          
15000.0                       347.1406058808681             -348.88734574746354           2.198697576637819             -351.08604332410135           2546.49892674665              0.03356973139656143           0.004881877913396359          
15250.0                       322.76279404096294            -349.2589464792565            2.044294908358423             -351.30324138761495           2546.49892674665              0.0381435214222114            0.004232690836252914          
15500.0                       262.2009511483668             -349.31943917813226           1.6607120749218518            -350.9801512530541            2546.49892674665              0.032102973064108725          0.0028240346201438907         
15750.0                       340.01723176684783            -348.7526362002366            2.1535799927635892            -350.9062161930002            2546.49892674665              0.03251581919719822           0.006111810070017771          
16000.0                       310.37584234027383            -348.6902792025825            1.9658392041715682            -350.65611840675405           2546.49892674665              0.0336366651099324            0.005623787392277232          
16250.0                       317.35480153272164            -348.94537455747013           2.01004210179846              -350.95541665926856           2546.49892674665              0.02776844091420422           0.003492760683695303          
16500.0                       283.98142198436426            -348.9137403762072            1.7986638663108798            -350.7124042425181            2546.49892674665              0.027681272149133032          0.005397938904505747          
16750.0                       316.6818707475333             -349.0338614877229            2.005779934648973             -351.03964142237186           2546.49892674665              0.03194840790106925           0.0034204782763519273         
17000.0                       267.1831768845668             -349.63128347115924           1.6922681863846658            -351.3235516575439            2546.49892674665              0.03326674089808822           0.003449801652883605          
17250.0                       301.36706417925603            -349.44338495903753           1.9087799654206423            -351.3521649244582            2546.49892674665              0.03627709030983736           0.003500329033710567          
17500.0                       355.93162017017715            -348.96603341020193           2.254377556123496             -351.2204109663254            2546.49892674665              0.02974374232805918           0.004443210833676901          
17750.0                       296.7424365376078             -348.75213999533764           1.8794887865257315            -350.63162878186336           2546.49892674665              0.03351376078806411           0.005970972042535044          
18000.0                       285.047161937927              -349.0408697118098            1.8054139837374439            -350.84628369554724           2546.49892674665              0.03290148470185061           0.0056801090391220025         
18250.0                       266.3399275322018             -349.0843579345781            1.686927266088575             -350.7712852006667            2546.49892674665              0.03369704394460998           0.005442280560429881          
18500.0                       217.67187090372113            -349.45069948528453           1.3786765562726366            -350.82937604155717           2546.49892674665              0.034306785580902104          0.006357976982917333          
18750.0                       311.5634479734091             -348.65679391545063           1.9733611868591023            -350.63015510230974           2546.49892674665              0.03530982108712222           0.006746995151112912          
19000.0                       295.746345521782              -349.33395398661435           1.8731798072086925            -351.20713379382306           2546.49892674665              0.03621183593312778           0.004563285971301842          
19250.0                       279.6086214172515             -349.259872788116             1.7709676940764774            -351.0308404821925            2546.49892674665              0.02746150913580925           0.003476952107560049          
19500.0                       325.8738662518702             -349.1948332832533            2.0639996240125016            -351.2588329072658            2546.49892674665              0.033082631604251955          0.0009253068050790349         
19750.0                       286.55049316092175            -349.12861220236215           1.8149356895272208            -350.94354789188935           2546.49892674665              0.026719393858443786          0.00373246575892249           
20000.0                       286.2731815443348             -349.1118398259931            1.8131792704594598            -350.92501909645256           2546.49892674665              0.037093894942669056          0.005140411809387727          
20250.0                       323.6146641276792             -348.6617519771886            2.049690430125519             -350.7114424073141            2546.49892674665              0.02580030653713985           0.0064927749328480555         
20500.0                       334.7202908479099             -348.5568455323727            2.120030557852309             -350.676876090225             2546.49892674665              0.03642119238610625           0.005661592302180065          
20750.0                       359.47456431029775            -348.7514290662286            2.2768176353394654            -351.02824670156804           2546.49892674665              0.03100914971527292           0.004819264693672569          
21000.0                       314.47732141052745            -348.9400319853316            1.9918168971859433            -350.93184888251756           2546.49892674665              0.04092963599984842           0.005106464387506069          
21250.0                       313.7826840337565             -349.1284956063502            1.9874172461768866            -351.1159128525271            2546.49892674665              0.03548143228335318           0.005015738120849182          
21500.0                       324.4881179529597             -349.00005829964596           2.0552226576333794            -351.0552809572793            2546.49892674665              0.027410147027666917          0.0038334007311477763         
21750.0                       298.38061838014187            -349.48700330775154           1.8898646007815487            -351.3768679085331            2546.49892674665              0.03934281099110307           0.003853782353118066          
22000.0                       288.78880555203216            -349.1101285173323            1.8291125733222033            -350.93924109065455           2546.49892674665              0.03345367168213759           0.0024879828967004393         
22250.0                       251.08686552911573            -349.1432029800614            1.5903183707466084            -350.733521350808             2546.49892674665              0.02928986021624962           0.0031516292250876395         
22500.0                       250.8239724811887             -349.163879160628             1.5886532751121596            -350.7525324357402            2546.49892674665              0.0290555775800608            0.004434986762539994          
22750.0                       318.0094239946569             -348.87263713647104           2.0141883088289445            -350.88682544529996           2546.49892674665              0.02647769589455581           0.005234065396947484          
23000.0                       284.97473200834366            -349.28747414171              1.8049552315547461            -351.09242937326474           2546.49892674665              0.03927485755717975           0.003155475837025964          
23250.0                       258.9732541650953             -349.333564956116             1.6402686885388835            -350.97383364465486           2546.49892674665              0.03861559234422968           0.004531618375290798          
23500.0                       309.1646255666334             -348.864604134004             1.9581676747109664            -350.822771808715             2546.49892674665              0.03645430718855797           0.004131921665710345          
23750.0                       252.3726023750368             -348.8476612122961            1.598461890805713             -350.4461231031018            2546.49892674665              0.03789888360597125           0.004203379304569475          
24000.0                       256.4239512890358             -349.4447446283771            1.624122072554606             -351.0688667009317            2546.49892674665              0.03430253974954887           0.003222751696012273          
24250.0                       271.61123406373497            -349.32807153037203           1.7203143395114249            -351.0483858698835            2546.49892674665              0.036994790714685574          0.0026247505860874567         
24500.0                       255.64403606385517            -349.5139731206635            1.619182294013757             -351.1331554146772            2546.49892674665              0.028142576861567292          0.0032894662979586677         
24750.0                       260.05032623496874            -349.5092378596639            1.6470905806188545            -351.1563284402828            2546.49892674665              0.028745871570567547          0.00562715283789213           
25000.0                       290.3266451981455             -349.14262465364885           1.838852846415831             -350.98147750006467           2546.49892674665              0.03394788671297591           0.00497367822168225           
25250.0                       277.6522885514624             -349.46701489174256           1.7585767946592437            -351.2255916864018            2546.49892674665              0.035395490018820946          0.003491369029240769          
25500.0                       290.38410156478875            -348.8820224125282            1.8392167599769664            -350.7212391725052            2546.49892674665              0.031425858975627365          0.004115659055234126          
25750.0                       342.61755664033126            -349.01610161418625           2.170049768701473             -351.1861513828877            2546.49892674665              0.03130976635968571           0.004282914418588692          
26000.0                       348.8125813391995             -348.95275293071296           2.209287430795338             -351.1620403615083            2546.49892674665              0.02933441309678756           0.00645471412166412           
26250.0                       296.2501578165356             -348.9678130948967            1.876370822182997             -350.8441839170797            2546.49892674665              0.03829801171923976           0.004889757305291817          
26500.0                       319.61364311805545            -349.19950197261096           2.024349012126855             -351.2238509847378            2546.49892674665              0.028363209813126577          0.004550234065452634          
26750.0                       262.9240151236879             -349.34678723538025           1.6652917725526102            -351.01207900793287           2546.49892674665              0.03399275822222039           0.0031907287716346614         
27000.0                       327.6867924640523             -349.3876806821754            2.0754822232873207            -351.46316290546275           2546.49892674665              0.03607585239624392           0.004189492784035094          
27250.0                       280.0830644524347             -349.0304523300633            1.7739726918613463            -350.80442502192466           2546.49892674665              0.03246673736342999           0.006928006404051043          
27500.0                       365.8030019709767             -348.96190550718944           2.3169003001522745            -351.2788058073417            2546.49892674665              0.03534444982383026           0.0031584749322004636         
27750.0                       276.76777031571027            -348.75048994547257           1.7529744880765685            -350.50346443354914           2546.49892674665              0.038209638605383234          0.002072790693876379          
28000.0                       296.2689897911149             -349.2263033905371            1.8764900989721982            -351.10279348950934           2546.49892674665              0.03176323437449315           0.0031144627733043755         
28250.0                       259.7144520028076             -349.1695889143824            1.64496324129929              -350.8145521556817            2546.49892674665              0.04454439891344815           0.003006876491273833          
28500.0                       289.1779229212181             -349.03428142110704           1.831577140711218             -350.86585856181824           2546.49892674665              0.032085388138908974          0.0032899390596770766         
28750.0                       248.30399998855475            -349.19445613546304           1.5726924300860101            -350.76714856554906           2546.49892674665              0.034360593349197215          0.004954031528333669          
29000.0                       284.04385549510096            -348.7749904504467            1.7990593037976854            -350.57404975424436           2546.49892674665              0.03938605114299676           0.00352659768037873           
29250.0                       328.93668813855993            -348.9152841817954            2.083398734764325             -350.99868291655974           2546.49892674665              0.02997057214960249           0.006359282541814026          
29500.0                       322.248427042392              -349.3381561329521            2.041037042657605             -351.3791931756097            2546.49892674665              0.02872695427892173           0.006945049309903588          
29750.0                       341.2310254639171             -348.81901120387386           2.1612678437815145            -350.98027904765536           2546.49892674665              0.030996482878061664          0.004305319939575176          
30000.0                       283.40100431250335            -349.28508641604975           1.7949876529640716            -351.08007406901385           2546.49892674665              0.03294472525021964           0.0060513463124302206         
