CMo16S32_1d1d10
time                          T                             E_tot                         E_kin                         E_pot                         V                             MSD                           P_internal                    
0                             300.00000000000017            -344.5488650306413            1.9001213393563963            -346.4489863699977            2546.49892674665              0.0                           0.01747126941817931           
250.0                         302.4358756983237             -348.11197168418937           1.9155495373377436            -350.02752122152714           2546.49892674665              0.007233783417555101          0.009650690294747575          
500.0                         238.723535195464              -348.15943495339195           1.5120122781049954            -349.6714472314969            2546.49892674665              0.008190535016981993          0.009467858909035974          
750.0                         334.80763924244354            -347.9814479533468            2.120583799680349             -350.1020317530271            2546.49892674665              0.018171988655068142          0.007293618755437214          
1000.0                        293.2800874030974             -348.61898352521837           1.8575591749431137            -350.4765427001615            2546.49892674665              0.014856273674691795          0.005107396799419257          
1250.0                        368.2918075552348             -348.4524365286616            2.332663742152802             -350.78510027081444           2546.49892674665              0.02742085360025828           0.004015265587894539          
1500.0                        315.31357404334534            -348.3889542888114            1.9971135020949777            -350.3860677909064            2546.49892674665              0.03215112056173718           0.0035029312759206517         
1750.0                        354.7429061347649             -348.7925182622919            2.246848553106565             -351.03936681539847           2546.49892674665              0.037973875355672884          0.004396294838993121          
2000.0                        332.97879249187497            -349.0228038853797            2.109000363889789             -351.13180424926946           2546.49892674665              0.03168746847357302           0.004605984120735697          
2250.0                        360.6485771535009             -348.24279570251633           2.2842535248596283            -350.527049227376             2546.49892674665              0.030876082097620956          0.004235536237399129          
2500.0                        263.7159926650019             -349.02085245110595           1.6703079506410827            -350.691160401747             2546.49892674665              0.02826065891690135           0.0031786828575436125         
2750.0                        298.2223107579754             -348.5462538277089            1.8888619218113445            -350.4351157495202            2546.49892674665              0.03182497711695212           0.006599360689430087          
3000.0                        363.74454351927164            -348.750782263049             2.3038625640513968            -351.0546448271004            2546.49892674665              0.04276435864204388           0.002248162902197104          
3250.0                        313.84888081218975            -349.06548951590196           1.9878365192145455            -351.0533260351165            2546.49892674665              0.03780973641269637           0.0018786669559451245         
3500.0                        263.1718375487812             -349.5776592152764            1.6668614148135794            -351.24452063009              2546.49892674665              0.033725377982004895          0.002441562396353385          
3750.0                        275.98512955204694            -348.94363685582965           1.7480174466896123            -350.6916543025193            2546.49892674665              0.03471253547536285           0.005153516938032504          
4000.0                        326.9717341601874             -348.7302602212936            2.0709532314804617            -350.80121345277405           2546.49892674665              0.031066260300844493          0.004756881995079486          
4250.0                        292.32963516892346            -349.27097052332726           1.851539259702471             -351.1225097830297            2546.49892674665              0.02866203170050884           0.0029472401650729924         
4500.0                        353.38307639469576            -348.7284319646707            2.2382357480832424            -350.9666677127539            2546.49892674665              0.03213409887272918           0.003924273490342971          
4750.0                        287.64845430833213            -349.3588596260346            1.8218898875471499            -351.18074951358176           2546.49892674665              0.037278249394724225          0.0029573281238573466         
5000.0                        322.2919968133828             -349.04932458109676           2.0413130021629735            -351.0906375832597            2546.49892674665              0.030617232232777673          0.0034552240994095164         
5250.0                        322.5506366924588             -349.04928038915676           2.0429511593411096            -351.09223154849786           2546.49892674665              0.03487819067150631           0.0055899957544967155         
5500.0                        266.0017337463447             -349.57296957293227           1.6847852353240926            -351.2577548082564            2546.49892674665              0.035761085974816975          0.00035369817009800957        
5750.0                        282.9166107818973             -348.9390120945296            1.7919196313502357            -350.7309317258798            2546.49892674665              0.034646228933632846          0.003225342714047643          
6000.0                        282.0860797946975             -349.2853442679906            1.7866592658443188            -351.0720035338349            2546.49892674665              0.03637969813636119           0.0037587040037337133         
6250.0                        281.7538223013183             -349.0922199473581            1.7845548339998822            -350.876774781358             2546.49892674665              0.029555889291874683          0.005357100489876524          
6500.0                        281.6035291747711             -348.78054886495295           1.7836029167435126            -350.56415178169647           2546.49892674665              0.03173444845762455           0.0040208218011933295         
6750.0                        283.9496201827922             -348.72899387979925           1.7984624420382231            -350.52745632183746           2546.49892674665              0.027894119905632255          0.0037830418229555314         
7000.0                        303.1132967710506             -349.10986620195865           1.9198401447911373            -351.0297063467498            2546.49892674665              0.03427864740770156           0.005482244500011499          
7250.0                        329.6862884674888             -349.26088350627384           2.0881465067009457            -351.34903001297477           2546.49892674665              0.02612262643965534           0.004466746932569028          
7500.0                        253.3619466435958             -349.24233834406607           1.604728137994576             -350.84706648206065           2546.49892674665              0.03296150099108691           0.0039650177729128435         
7750.0                        353.36586892083244            -348.58275489677817           2.2381267604556285            -350.82088165723377           2546.49892674665              0.029248435872568545          0.005638141246303795          
8000.0                        318.49758939726814            -349.3533862262092            2.017280220491068             -351.3706664467002            2546.49892674665              0.03180205064974179           0.0022837176052072214         
8250.0                        329.3425758454013             -348.96171189242597           2.0859695210748304            -351.0476814135008            2546.49892674665              0.034139314472996514          0.006125251194678618          
8500.0                        294.2284175928923             -349.08427738769757           1.8635656497110642            -350.94784303740863           2546.49892674665              0.033194810202676256          0.006395572436915197          
8750.0                        304.7698928475959             -348.92206227838847           1.93033258997693              -350.8523948683654            2546.49892674665              0.03154714952864444           0.003504151136507558          
9000.0                        345.5636272821923             -348.6684001721126            2.188709407680978             -350.8571095797936            2546.49892674665              0.032119455967571646          0.004442026829654422          
9250.0                        334.91705085963974            -348.72739570315827           2.1212767841757088            -350.848672487334             2546.49892674665              0.03611153525370951           0.004137194573721301          
9500.0                        264.2953577169225             -349.27177882678507           1.6739774969691883            -350.94575632375427           2546.49892674665              0.033461507399336565          0.0024669768029375867         
9750.0                        305.43155611793327            -348.80221561705565           1.934523391641718             -350.7367390086974            2546.49892674665              0.034433087155223356          0.004323427553827063          
10000.0                       257.2062724332179             -349.50018777564577           1.629077089555573             -351.1292648652013            2546.49892674665              0.03875789049168357           0.002747901995652967          
10250.0                       282.8034604662201             -349.3888634061844            1.7912029669189917            -351.1800663731034            2546.49892674665              0.02962571759779617           0.005927993209994926          
10500.0                       260.8058142236701             -349.18342979503666           1.6518756434487176            -350.83530543848536           2546.49892674665              0.03025659524833509           0.0022864085097515064         
10750.0                       337.1865160296775             -349.229595763421             2.1356509815040914            -351.3652467449251            2546.49892674665              0.03415954163443821           0.004113560615058289          
11000.0                       266.79934235918387            -349.2846305369242            1.6898370791431265            -350.97446761606733           2546.49892674665              0.0372102484249052            0.004323800068195753          
11250.0                       270.5703545426095             -349.5825224442265            1.7137216815454597            -351.296244125772             2546.49892674665              0.032018384441728866          0.005176331251492379          
11500.0                       263.9647889568396             -349.47355445807193           1.671883761118661             -351.14543821919057           2546.49892674665              0.04047325818383455           0.0028687671198574065         
11750.0                       350.8109627493253             -348.56807859192463           2.221944654667182             -350.79002324659183           2546.49892674665              0.03738504281505257           0.005955529569523464          
12000.0                       302.49653247108057            -349.49900312105194           1.9159337214320498            -351.414936842484             2546.49892674665              0.028482717926694517          0.004785977428035359          
12250.0                       294.1591718136454             -349.0933328205399            1.8631270651017062            -350.9564598856416            2546.49892674665              0.034511241191069006          0.005472428755021207          
12500.0                       303.9333449563955             -349.2316831464639            1.9250341149787185            -351.1567172614426            2546.49892674665              0.031061909634436374          0.003719388002195926          
