CMo16S32_a0f925
time                          T                             E_tot                         E_kin                         E_pot                         V                             MSD                           P_internal                    
0                             300.00000000000017            -344.5488650306413            1.9001213393563965            -346.4489863699977            2546.49892674665              0.0                           0.017471269418179326          
250.0                         279.665225157876              -348.3119823340414            1.7713262073279707            -350.0833085413693            2546.49892674665              0.006524428427585099          0.007234271530258783          
500.0                         337.0510280637614             -348.05437229852953           2.1347928362532143            -350.18916513478274           2546.49892674665              0.006451520080660944          0.008314008053994173          
750.0                         268.2794449842097             -348.38127526765453           1.6992116610839565            -350.0804869287385            2546.49892674665              0.00680022891169546           0.00909791217687588           
1000.0                        327.1105676242149             -347.69489389269233           2.07183256623918              -349.7667264589315            2546.49892674665              0.006363727076028598          0.00928562073720433           
1250.0                        224.10733439197304            -348.9621232187715            1.4194370946148913            -350.3815603133864            2546.49892674665              0.005291948313105176          0.008129225963990046          
1500.0                        352.4140964157941             -347.6912655329065            2.2320984829655086            -349.92336401587204           2546.49892674665              0.0075995804847878365         0.009392904749209547          
1750.0                        311.23979411598043            -347.9917976526533            1.9713112481888848            -349.9631089008422            2546.49892674665              0.01166135474448169           0.011017427842632495          
2000.0                        306.87926599593186            -348.57525820641285           1.9436928064163252            -350.5189510128292            2546.49892674665              0.019492133774748035          0.005052389334116712          
2250.0                        306.5277129601457             -349.17710437886035           1.9414661616656161            -351.118570540526             2546.49892674665              0.034675073148915506          0.003828074960197689          
2500.0                        346.59669025084656            -348.58969748875126           2.1952525576531077            -350.7849500464044            2546.49892674665              0.031397463627503425          0.004163041206066597          
2750.0                        282.84941848339304            -349.0448721511555            1.7914940529494745            -350.836366204105             2546.49892674665              0.043268606717450225          0.0032056138258256812         
3000.0                        313.3546888447664             -349.3762326321315            1.98470643687108              -351.3609390690026            2546.49892674665              0.032093705965412514          0.004159122547392539          
3250.0                        287.13941574587176            -349.17268070952514           1.818665770763529             -350.99134648028866           2546.49892674665              0.036212098246696876          0.003941761094312306          
3500.0                        388.4187903204947             -348.1426369925451            2.4601427736498973            -350.602779766195             2546.49892674665              0.028187877042783176          0.0044472785689720126         
3750.0                        297.8471925235308             -349.03340048188505           1.8864860212711783            -350.91988650315625           2546.49892674665              0.04038238026315199           0.003554770123338413          
4000.0                        345.95922787361184            -348.9870375573287            2.1912150380997057            -351.1782525954284            2546.49892674665              0.03483784975112618           0.002895512206539287          
4250.0                        283.2910560664781             -349.30508580469154           1.7942912696024136            -351.09937707429395           2546.49892674665              0.032729670965312894          0.00555498553501519           
4500.0                        274.929641081803              -349.2604227822038            1.7413322594704288            -351.00175504167424           2546.49892674665              0.03675269477291187           0.004937412960508551          
4750.0                        281.6644039442771             -349.12237689496914           1.7839884815720688            -350.9063653765412            2546.49892674665              0.03874774943472165           0.0024655740981732173         
5000.0                        308.51886416225307            -349.2759988686001            1.954077591295647             -351.2300764598957            2546.49892674665              0.03241457082258593           0.005482605030454075          
5250.0                        327.140901932989              -349.00684149549227           2.072024695797234             -351.0788661912895            2546.49892674665              0.04022664722067855           0.0017445006186196871         
5500.0                        255.4972614140903             -349.04553507004096           1.6182526618667745            -350.66378773190775           2546.49892674665              0.03493753959087864           0.003646206451262554          
5750.0                        330.1029453619055             -348.92332625812213           2.0907855022218493            -351.014111760344             2546.49892674665              0.03253725641001549           0.0032545608683229393         
6000.0                        269.7879188502496             -349.2643575802197            1.7087659390263692            -350.9731235192461            2546.49892674665              0.0294139660846227            0.006813262755659682          
6250.0                        301.64312623286276            -348.907585628498             1.9105284700841247            -350.8181140985821            2546.49892674665              0.027098594312732004          0.004118331811450962          
6500.0                        301.32529573632604            -349.52681433122603           1.9085154150548993            -351.43532974628096           2546.49892674665              0.031273726189200095          0.00423674600379728           
6750.0                        390.8360150067303             -348.5651040333018            2.4754528410110153            -351.0405568743128            2546.49892674665              0.030149707255153837          0.004096390521494644          
7000.0                        298.6448238555956             -349.48507359771              1.8915380089878302            -351.37661160669785           2546.49892674665              0.030404009579855243          0.006180233198630553          
7250.0                        317.39640013143185            -348.98171238710586           2.010305576415449             -350.99201796352133           2546.49892674665              0.03754688905976202           0.004859679663279409          
7500.0                        294.6918814973306             -349.0569206082365            1.8665011085605465            -350.92342171679707           2546.49892674665              0.029888920214263048          0.005339639610888003          
7750.0                        289.94187218643793            -349.43066188050017           1.836415795047984             -351.26707767554814           2546.49892674665              0.029600630568277525          0.0023491138884085046         
8000.0                        283.41418808788643            -348.60701210073853           1.7950711555405336            -350.40208325627907           2546.49892674665              0.03856004559836051           0.0014317451188878994         
8250.0                        251.8106751216395             -349.13309392161              1.5949027909212259            -350.72799671253125           2546.49892674665              0.031780989561505095          0.0024729526477302154         
8500.0                        302.7712640497944             -348.7167045126743            1.9176737992164141            -350.6343783118907            2546.49892674665              0.03512825738767022           0.005337024129414732          
8750.0                        315.1663423827227             -348.798819522003             1.996180975361051             -350.795000497364             2546.49892674665              0.028145236790993334          0.003916415693440749          
9000.0                        325.59534674277313            -348.9686911721652            2.0622355544702935            -351.0309267266355            2546.49892674665              0.027542730010246104          0.002963010185045066          
9250.0                        347.09246330609045            -348.6589611580728            2.1983926541922636            -350.8573538122651            2546.49892674665              0.028421956594421018          0.004601016291349584          
9500.0                        312.9555098811262             -349.19871641944025           1.9821781419809636            -351.1808945614212            2546.49892674665              0.037735779047442804          0.0028278766235585646         
9750.0                        281.4607692205944             -349.22133333499954           1.7826987126257237            -351.0040320476253            2546.49892674665              0.03516683793524094           0.003902990150640657          
10000.0                       349.49601833676724            -348.85016534280953           2.2136161415392848            -351.0637814843488            2546.49892674665              0.03197626586685915           0.005221196934271418          
10250.0                       325.1003936981118             -349.06136465698154           2.059100651663159             -351.1204653086447            2546.49892674665              0.026595428733487556          0.006086923928402565          
10500.0                       298.610516570107              -349.20571842133154           1.8913207156369893            -351.09703913696853           2546.49892674665              0.025133887217933557          0.005058521877743658          
10750.0                       379.5421951766211             -348.81097267175346           2.403920747470892             -351.2148934192244            2546.49892674665              0.02801880132446386           0.0038111531024780793         
11000.0                       360.0894863971664             -348.70805243408773           2.280712390603801             -350.98876482469154           2546.49892674665              0.028351637505227314          0.003077271663913391          
11250.0                       288.02733864522               -348.97605117057617           1.8242896415927117            -350.8003408121689            2546.49892674665              0.025291989413373506          0.0059905383618357915         
11500.0                       283.03069092771415            -349.26433898819806           1.7926421850817806            -351.05698117327984           2546.49892674665              0.029685608897816084          0.0018203614360304268         
11750.0                       256.215367823567              -349.123533726186             1.622800959575359             -350.7463346857614            2546.49892674665              0.03515782695765038           0.006889228821869116          
12000.0                       306.5065590808505             -348.963158575825             1.9413321785407525            -350.9044907543657            2546.49892674665              0.03001840521710972           0.0031770688006149722         
12250.0                       279.702167548315              -349.391788160997             1.7715601907426375            -351.16334835173967           2546.49892674665              0.030604829837959584          0.003727883218165332          
12500.0                       280.23789939488273            -349.4280869879343            1.774953375788758             -351.20304036372306           2546.49892674665              0.034679866504251936          0.003301508090672322          
