CMo16S32_869fbd
time                          T                             E_tot                         E_kin                         E_pot                         V                             MSD                           P_internal                    
0                             300.00000000000006            -344.5488650306413            1.9001213393563958            -346.4489863699977            2546.49892674665              0.0                           0.017471269418179326          
250.0                         295.48815294238614            -347.7636751386976            1.871544483109447             -349.63521962180704           2546.49892674665              0.005286822235032382          0.006410698981831882          
500.0                         266.26578461647335            -348.41279826182483           1.6864576643007827            -350.09925592612564           2546.49892674665              0.005513563865693932          0.00754123008011908           
750.0                         408.7985953269756             -347.9123483107024            2.589223114932353             -350.5015714256347            2546.49892674665              0.005068256819664586          0.008531137041315825          
1000.0                        363.34974547752205            -347.83018905031804           2.3013620167718485            -350.1315510670899            2546.49892674665              0.0060747046922663625         0.0062694746501714355         
1250.0                        348.2896631259912             -347.52286608762137           2.2059754039431536            -349.72884149156454           2546.49892674665              0.006039348144818321          0.00937305773373238           
1500.0                        295.51830595173095            -348.08514682184716           1.8717354643644535            -349.9568822862116            2546.49892674665              0.008180811463989083          0.009729897984323463          
1750.0                        318.19098679801834            -348.19671219430154           2.015338280019279             -350.21205047432085           2546.49892674665              0.006646530537195597          0.010206001273641832          
2000.0                        316.17908355665145            -348.1595820148271            2.0025954124138075            -350.1621774272409            2546.49892674665              0.005266666234591             0.008141285888307247          
2250.0                        321.57970223580935            -348.3611055689054            2.0368015150737895            -350.39790708397913           2546.49892674665              0.0048257865859600785         0.007483740465288041          
2500.0                        328.65287065059215            -348.0244367030438            2.081601109213091             -350.1060378122569            2546.49892674665              0.005057961937533746          0.009270504703582127          
2750.0                        275.33667799330556            -348.4295254305866            1.7439103245419343            -350.17343575512854           2546.49892674665              0.004758488257831091          0.010785189391085399          
3000.0                        247.2419146453243             -348.4020178814613            1.565965460003044             -349.96798334146433           2546.49892674665              0.005080296574695878          0.009976408238716261          
3250.0                        311.3689188384694             -347.9558427517282            1.972129090324351             -349.92797184205256           2546.49892674665              0.005250780868352113          0.007375299326287682          
3500.0                        296.7396323562123             -347.7659926583627            1.879471025576035             -349.6454636839387            2546.49892674665              0.007174280692467281          0.008234557788031642          
3750.0                        247.97377586302696            -347.83733704878136           1.5706008770603912            -349.40793792584174           2546.49892674665              0.007064405357729454          0.008610504478703986          
4000.0                        336.7658362826511             -347.7693594576878            2.1329865062895585            -349.9023459639774            2546.49892674665              0.0062389681887968515         0.010603172988616301          
4250.0                        343.4018681798601             -347.8034208896294            2.1750173923446803            -349.9784382819741            2546.49892674665              0.0064971336876046785         0.010041715247290426          
4500.0                        321.9067628244978             -348.0469288364076            2.038873031086554             -350.0858018674941            2546.49892674665              0.006136220818833759          0.008034477734232612          
4750.0                        268.11969673193283            -348.17183473366674           1.6981998575403692            -349.8700345912071            2546.49892674665              0.00686639333382112           0.006524161903683907          
5000.0                        263.4995190518705             -348.48045228795934           1.6689368635353539            -350.1493891514947            2546.49892674665              0.006137037195642627          0.00693703474240005           
5250.0                        253.481161202062              -348.2632646273136            1.605483211749588             -349.8687478390632            2546.49892674665              0.006079512566141212          0.008074601901011528          
5500.0                        304.8624302671141             -347.79052832649944           1.9309186977286485            -349.7214470242281            2546.49892674665              0.007073271427492846          0.010358050791753646          
5750.0                        351.2768881675222             -348.0575617854592            2.2248957040993966            -350.2824574895586            2546.49892674665              0.006133581262833695          0.009111778355800662          
6000.0                        249.89620926723362            -348.2683234932815            1.5827770661764733            -349.85110055945796           2546.49892674665              0.009116745071442894          0.00866484020327603           
6250.0                        274.51422476618734            -348.45100586713187           1.7387011214503683            -350.18970698858226           2546.49892674665              0.006981159353020233          0.00822123544873229           
6500.0                        305.20253110586356            -348.3366521179507            1.933072807266118             -350.2697249252168            2546.49892674665              0.007885410708179098          0.006651130003867711          
6750.0                        283.9029613545676             -347.9283071402678            1.7981669172542931            -349.7264740575221            2546.49892674665              0.0070259331398903405         0.008903697299847729          
7000.0                        307.4613880159433             -347.9249408418946            1.9473798146574355            -349.87232065655206           2546.49892674665              0.00743681545455235           0.006470961818262015          
7250.0                        235.21982099727148            -348.68046222756163           1.4898206710550235            -350.1702828986167            2546.49892674665              0.00560257569873771           0.00923246713399095           
7500.0                        338.2030287218423             -347.7135106201248            2.142089306364455             -349.8555999264893            2546.49892674665              0.006284132414584375          0.007966801790151695          
7750.0                        281.015781805929              -348.32061868111566           1.779880279017888             -350.10049896013356           2546.49892674665              0.006799127302948459          0.008680670724686246          
8000.0                        315.2247310787928             -347.9706823320023            1.9965507940523177            -349.9672331260546            2546.49892674665              0.00690555786858842           0.009106270685179696          
8250.0                        255.59738681075544            -348.40130097349316           1.6188868298761576            -350.0201878033693            2546.49892674665              0.008290175614841527          0.007166217967075571          
8500.0                        307.29989514966553            -347.9476385504998            1.9463569611862077            -349.893995511686             2546.49892674665              0.006802655305729795          0.007814270050403305          
8750.0                        275.7070366949882             -347.946628206273             1.7462560794495459            -349.6928842857225            2546.49892674665              0.005846509984563871          0.01187797383258657           
9000.0                        289.56201849159623            -348.237551412376             1.8340099013433104            -350.0715613137193            2546.49892674665              0.0050904474547160345         0.010063803686508792          
9250.0                        322.59552105339867            -348.4291951472512            2.043235445114527             -350.47243059236575           2546.49892674665              0.004977599303751979          0.007757887153937243          
9500.0                        332.3229888665245             -347.9317738522124            2.1048466756799367            -350.03662052789235           2546.49892674665              0.00585062783959871           0.008360862172110304          
9750.0                        330.76508458106264            -348.166958231253             2.094979318421667             -350.26193754967466           2546.49892674665              0.0063125725786243835         0.008762802042966833          
10000.0                       369.2195850588762             -347.55036526352035           2.3385400415956146            -349.88890530511594           2546.49892674665              0.006551408619041531          0.008534406699525843          
