CMo16S32_3d59a8
time                          T                             E_tot                         E_kin                         E_pot                         V                             MSD                           P_internal                    
0                             300.0                         -344.5488650306413            1.9001213393563954            -346.4489863699977            2546.49892674665              0.0                           0.01747126941817934           
250.0                         329.9395022218518             -347.64570320912753           2.0897502962278915            -349.73545350535545           2546.49892674665              0.007098198022369127          0.007609326132067097          
500.0                         270.0852407202449             -348.27812088281803           1.710649097792487             -349.9887699806105            2546.49892674665              0.006617672775219544          0.007541518349371294          
750.0                         302.57560385360995            -348.1368384041429            1.9164345388363049            -350.0532729429792            2546.49892674665              0.0057399835028730745         0.007543861924639292          
1000.0                        307.29381568637797            -348.0884998680497            1.9463184554597928            -350.0348183235095            2546.49892674665              0.007147806835684539          0.007714591783223829          
1250.0                        269.32380859426337            -348.2341821747464            1.705826386355657             -349.9400085611021            2546.49892674665              0.005964050972726229          0.007561168720373573          
1500.0                        305.12336349411146            -347.7358997187187            1.9325713803711977            -349.6684710990899            2546.49892674665              0.006246780318323717          0.009116719347809837          
1750.0                        321.9191157923533             -347.93671466442              2.0389512715459763            -349.97566593596594           2546.49892674665              0.006696813253753925          0.00919478983633105           
2000.0                        317.1306161951876             -348.11845591616844           2.008622170652396             -350.12707808682086           2546.49892674665              0.006395980145929002          0.00930058545527142           
2250.0                        257.5569574216087             -348.65013348570193           1.6312982363216837            -350.2814317220236            2546.49892674665              0.01062360801589742           0.009170467685208199          
2500.0                        281.1081802908812             -348.44721879507654           1.7804655067944941            -350.227684301871             2546.49892674665              0.013360432164275573          0.007060997289088325          
2750.0                        318.47605698561006            -348.0600118535357            2.01714383984147              -350.07715569337716           2546.49892674665              0.01255847902229753           0.007749866052776067          
3000.0                        340.6251615801529             -347.7146687552874            2.1574304608005623            -349.872099216088             2546.49892674665              0.0184876493696383            0.005111291904751159          
3250.0                        325.78885835750833            -348.8057275840212            2.0634612062988658            -350.8691887903201            2546.49892674665              0.017815028857266754          0.0058289215599972915         
3500.0                        308.8620016980199             -348.70304880038793           1.9562509344757961            -350.65929973486374           2546.49892674665              0.030190380498969455          0.004293176456759157          
3750.0                        308.72909456279547            -348.858167716133             1.9554091355298204            -350.8135768516628            2546.49892674665              0.0324211574690142            0.0048255899238221775         
4000.0                        265.91524334853807            -349.29956032584596           1.684237427822353             -350.98379775366834           2546.49892674665              0.03424800882800291           0.005481636782094749          
4250.0                        282.8641107584592             -349.4248721410576            1.7915871099673975            -351.216459251025             2546.49892674665              0.03260585078986398           0.003752945778488687          
4500.0                        278.3499965778333             -349.4216048462102            1.7629958943577355            -351.18460074056793           2546.49892674665              0.03175797985491661           0.005811079118093309          
4750.0                        299.84852548998214            -349.0199067856501            1.8991619395268837            -350.919068725177             2546.49892674665              0.03412167078509594           0.005800701049393586          
5000.0                        315.80605871882136            -348.59662200713393           2.0002327708989043            -350.5968547780328            2546.49892674665              0.035411987568791846          0.006891909776132289          
5250.0                        330.82403570934474            -348.7943847336011            2.0953526994110936            -350.88973743301216           2546.49892674665              0.030417906699315284          0.0046564640674867696         
5500.0                        290.407448039898              -349.272483737196             1.8393646304288125            -351.1118483676248            2546.49892674665              0.03283736389809855           0.005047862096106962          
5750.0                        322.39175300923847            -348.8358346705471            2.0419448317512345            -350.8777795022983            2546.49892674665              0.04065787104645415           0.004703422956707574          
6000.0                        244.5847623028511             -349.14937342195685           1.5491357537768633            -350.6985091757337            2546.49892674665              0.03879659837890661           0.003912533829969494          
6250.0                        230.915974869419              -349.808941151915             1.4625612381588937            -351.2715023900739            2546.49892674665              0.031943315746416304          0.0018145616448840757         
6500.0                        378.750537177396              -348.3974545510462            2.3989065932782263            -350.79636114432446           2546.49892674665              0.03386750355244535           0.005906758827891986          
6750.0                        296.87538557416184            -348.66205499883347           1.8803308508637424            -350.5423858496972            2546.49892674665              0.030196602128151038          0.0055508539698808585         
7000.0                        286.8215939158321             -348.9254397038848            1.8166527706256235            -350.74209247451046           2546.49892674665              0.0342085905175416            0.003745289157458106          
7250.0                        289.8716034484732             -349.16607336535225           1.8359707312863291            -351.0020440966386            2546.49892674665              0.03387446933118408           0.0029610991745786844         
7500.0                        316.2457618413363             -349.34434438310626           2.0030177351858116            -351.3473621182921            2546.49892674665              0.03062415817879841           0.004308629366566379          
7750.0                        306.1186346653482             -349.2338939111846            1.9388751670075752            -351.1727690781922            2546.49892674665              0.02954561804412955           0.004061916087332627          
8000.0                        326.9765151072851             -348.973935315691             2.070983512745804             -351.0449188284368            2546.49892674665              0.03909518349325339           0.0041508827094106785         
8250.0                        301.505919276398              -349.1410457176068            1.9096594371978353            -351.05070515480463           2546.49892674665              0.04495807645849881           0.005262101349094967          
8500.0                        331.8661570723714             -349.24623996693435           2.101953222878047             -351.3481931898124            2546.49892674665              0.03321553973466429           0.00371638632243066           
8750.0                        296.09623461930283            -348.9825995706622            1.8753959130107174            -350.85799548367294           2546.49892674665              0.030465935598703423          0.0032506050427585655         
9000.0                        360.62448507720967            -348.372891084452             2.2841009319653933            -350.6569920164174            2546.49892674665              0.037976146130926085          0.0067284164067966555         
9250.0                        367.5586880905844             -348.79109723456503           2.3280203556892025            -351.11911759025423           2546.49892674665              0.03299971252824481           0.0017647828836223343         
9500.0                        280.40341242717926            -349.2598172013171            1.776001691937452             -351.03581889325454           2546.49892674665              0.025443352636292424          0.003889599587047436          
9750.0                        301.59565261261514            -348.69994513248              1.9102277846211615            -350.6101729171012            2546.49892674665              0.03742060690664349           0.00423099175589564           
10000.0                       371.7965149477734             -348.5191556960341            2.3548616398353444            -350.87401733586944           2546.49892674665              0.029928493383944144          0.00306911208246507           
10250.0                       296.9570516648238             -349.57165022923056           1.880848102468971             -351.45249833169953           2546.49892674665              0.02819169635729921           0.004548059081212647          
10500.0                       315.8963063189785             -348.6320547401413            2.000804375535185             -350.6328591156765            2546.49892674665              0.036477697410995026          0.0033222322638299857         
10750.0                       292.5977701575384             -349.428697864585             1.8532375564147885            -351.2819354209998            2546.49892674665              0.030736504539487505          0.004858895224373698          
11000.0                       288.2500244106555             -348.8052710382209            1.8257000748422945            -350.6309711130632            2546.49892674665              0.03501502452675109           0.006575785152423464          
11250.0                       223.75625174413346            -349.5785001245265            1.417213429178099             -350.9957135537046            2546.49892674665              0.032470005316474225          0.008240508883953432          
11500.0                       317.70556354633163            -349.49066272764674           2.0122637364221134            -351.5029264640689            2546.49892674665              0.0361745128727398            0.004236681470352526          
11750.0                       319.393272640369              -349.014900048948             2.022953243302801             -351.0378532922508            2546.49892674665              0.0375554377520758            0.0046094880958576345         
12000.0                       337.32779512125796            -348.99364493651404           2.1365458062264815            -351.1301907427405            2546.49892674665              0.03374797915059736           0.001846018108466385          
12250.0                       283.39673502054364            -349.2467086762913            1.794960612388216             -351.0416692886795            2546.49892674665              0.032359560286217726          0.005079559742772614          
12500.0                       366.7861335100403             -348.22254227181776           2.323127197541505             -350.54566946935927           2546.49892674665              0.02642471101560913           0.0041453653180843495         
