CMo16S32_a35f5a
time                          T                             E_tot                         E_kin                         E_pot                         V                             MSD                           P_internal                    
0                             300.0000000000002             -344.5488650306413            1.9001213393563967            -346.4489863699977            2546.49892674665              0.0                           0.017471269418179333          
250.0                         352.2521320851943             -346.2560437689116            2.2310726433628845            -348.4871164122745            2546.49892674665              0.007272159512381585          0.010046265203961872          
500.0                         460.9765082641739             -346.5918838023239            2.9197043343158553            -349.5115881366397            2546.49892674665              0.046888461062811755          0.005976902120080534          
750.0                         421.52818915863554            -347.22261524659694           2.6698490245352753            -349.8924642711322            2546.49892674665              0.04674998335234186           0.006948174335239688          
1000.0                        307.7784137935373             -348.2498014865307            1.9493877728078766            -350.1991892593386            2546.49892674665              0.044680485779669495          0.008109060324505311          
1250.0                        304.140865309246              -348.34594402082143           1.9263484944813918            -350.2722925153028            2546.49892674665              0.044000461126102286          0.006272806694808963          
1500.0                        292.6387363119206             -348.6517160305443            1.8534970252952319            -350.50521305583953           2546.49892674665              0.04019769826681428           0.005885923691906318          
1750.0                        287.43442288967185            -348.2857272775517            1.8205342686608528            -350.1062615462126            2546.49892674665              0.04133566995326058           0.00345233602796762           
2000.0                        320.2769189587751             -348.2885332936246            2.028550027389625             -350.3170833210142            2546.49892674665              0.04314864349986526           0.007919052647044506          
2250.0                        319.3235649659901             -348.2033265643526            2.022511733170787             -350.2258382975234            2546.49892674665              0.03640409638073758           0.007027902298478328          
2500.0                        323.95647448876               -348.5946606380663            2.0518553673291953            -350.6465160053955            2546.49892674665              0.04586706064229845           0.005878851789556148          
2750.0                        309.8392136566369             -348.29033542118583           1.9624403387946043            -350.2527757599804            2546.49892674665              0.03828357075592902           0.00833134047552553           
3000.0                        351.88649527158714            -348.1568263217537            2.2287567956562535            -350.38558311740996           2546.49892674665              0.04086921267462407           0.008337446464401542          
3250.0                        355.2773658480856             -348.12469032143395           2.250233680794255             -350.3749240022282            2546.49892674665              0.039214563345089715          0.00886852211884417           
3500.0                        365.77717836279476            -347.93995312105625           2.3167367401890555            -350.2566898612453            2546.49892674665              0.03867266887770472           0.007034933746819146          
3750.0                        313.3238971221712             -348.18925681995984           1.9845114101738182            -350.17376823013365           2546.49892674665              0.039163135013684895          0.008698097639984881          
4000.0                        345.448718559194              -348.3315006207755            2.1879816059588206            -350.51948222673434           2546.49892674665              0.04382047638706606           0.006772277584933102          
4250.0                        315.19953754436943            -348.4894333647947            1.996391224811079             -350.4858245896058            2546.49892674665              0.039245414058354564          0.005652895607828012          
4500.0                        308.3551336307116             -348.57584689532325           1.9530405650393599            -350.5288874603626            2546.49892674665              0.04217818216795178           0.003384195320133452          
4750.0                        300.414507250349              -348.60803322096217           1.9027467195954157            -350.5107799405576            2546.49892674665              0.04806210405509179           0.006135519085410649          
5000.0                        293.5396832755463             -348.70366300443396           1.8592033871326101            -350.56286639156656           2546.49892674665              0.04541978692871676           0.005990511705840938          
5250.0                        279.7482214960831             -348.87480538521464           1.7718518843723565            -350.646657269587             2546.49892674665              0.03943207602643141           0.006736151596818411          
5500.0                        239.51459625107705            -349.04321139115706           1.5170226514133427            -350.5602340425704            2546.49892674665              0.044280479584603086          0.007781856919335395          
5750.0                        251.2376321820368             -348.4658151386929            1.5912732871948707            -350.0570884258878            2546.49892674665              0.04179431814612398           0.005721310121140185          
6000.0                        280.7994575899338             -348.77661634086326           1.7785101381544477            -350.5551264790177            2546.49892674665              0.04270185705903098           0.006345531171859581          
6250.0                        280.5848974604251             -348.42679222490176           1.777151170552266             -350.203943395454             2546.49892674665              0.04073152809165013           0.004941515350538878          
6500.0                        277.0748499649797             -348.77976530943187           1.7549194500580985            -350.53468475948995           2546.49892674665              0.04396966779310583           0.0032034174367175303         
6750.0                        332.78402985336044            -348.42384368510994           2.1077667884046196            -350.53161047351455           2546.49892674665              0.04610780153566108           0.002660404502328582          
7000.0                        320.4176517370923             -348.64778439981546           2.0294413919070493            -350.6772257917225            2546.49892674665              0.0487135819370527            0.004798180950763898          
7250.0                        310.6524563926852             -348.6998276743888            1.9675912050507443            -350.66741887943954           2546.49892674665              0.0390693354874435            0.006626467686395676          
7500.0                        417.7151441076194             -348.04007689047245           2.6456981969707316            -350.6857750874432            2546.49892674665              0.04015216564711225           0.007570160616993231          
7750.0                        335.3554495737279             -348.15010779762173           2.12405348668166              -350.2741612843034            2546.49892674665              0.04282822703827135           0.009093362364271818          
8000.0                        370.3371221739639             -348.350615513371             2.345618228661951             -350.696233742033             2546.49892674665              0.040844554347823             0.007888181857527389          
8250.0                        377.8976372795946             -348.05859027312226           2.3935045489577353            -350.45209482207997           2546.49892674665              0.046302628589498726          0.00560487457606896           
8500.0                        346.33537930959267            -348.35158600963774           2.193597482667495             -350.5451834923052            2546.49892674665              0.040900328742959555          0.0038982238753483434         
8750.0                        349.0918299350833             -348.31133420457246           2.2110561181820847            -350.5223903227545            2546.49892674665              0.04202211816052984           0.0047798957058645475         
9000.0                        271.30570551295887            -348.7048255713786            1.7183792017810506            -350.4232047731596            2546.49892674665              0.04568032185233707           0.0034149107635256734         
9250.0                        312.1437135334527             -348.63651450034615           1.9770364367695437            -350.6135509371157            2546.49892674665              0.04233320016247992           0.0033844190565336676         
9500.0                        282.4993793984628             -348.4381267578106            1.7892769971665252            -350.22740375497716           2546.49892674665              0.03861330031997413           0.006207851237776584          
9750.0                        276.00395296380634            -348.484659600805             1.7481366692441573            -350.23279627004916           2546.49892674665              0.048044273238307414          0.006521181049204444          
10000.0                       287.1198141807589             -348.4303384951304            1.8185416195896766            -350.24888011472007           2546.49892674665              0.04342055994720841           0.0053905110235320216         
10250.0                       299.5129014484636             -348.48165988973005           1.897036184849249             -350.3786960745793            2546.49892674665              0.04040368407175185           0.00650275861599977           
10500.0                       285.40017484857657            -348.0378294623787            1.8076498749527556            -349.8454793373314            2546.49892674665              0.04349806326440082           0.006332329118195566          
10750.0                       357.63866647809755            -348.15959291125307           2.2651895398466597            -350.42478245109976           2546.49892674665              0.04282914682605712           0.006836933884717237          
11000.0                       330.5396083681242             -348.3526977439663            2.093551211209262             -350.4462489551756            2546.49892674665              0.047663588105003436          0.005450311290605762          
11250.0                       328.82338567314474            -349.0204950029445            2.0826811066565343            -351.103176109601             2546.49892674665              0.07420716083427438           0.004496196081818575          
11500.0                       314.0733217067435             -349.0659721354461            1.989258068991765             -351.05523020443786           2546.49892674665              0.06798093783038013           0.004018577587930454          
11750.0                       335.4201073910191             -348.2665048730746            2.124463012342964             -350.3909678854176            2546.49892674665              0.07468961739422297           0.002802062590581711          
12000.0                       299.22862645036116            -348.70634746536615           1.8952356615487826            -350.60158312691493           2546.49892674665              0.06369259650680427           0.0033659770102976105         
12250.0                       348.674244752519              -348.66291774388037           2.208411243127453             -350.8713289870078            2546.49892674665              0.07150205458916663           0.0028126579963926174         
12500.0                       306.44093585066605            -349.06023023021226           1.940916538207316             -351.0011467684196            2546.49892674665              0.06288452381237747           0.005147944566842124          
12750.0                       287.5217129638094             -349.06506586951537           1.8210871411027953            -350.88615301061816           2546.49892674665              0.0713480047810024            0.004550811690815307          
13000.0                       346.4869500404637             -348.241849137593             2.194557491934661             -350.4364066295277            2546.49892674665              0.06602049752001095           0.004539296956827257          
13250.0                       326.1074552524253             -348.8752720110793            2.0654791154944805            -350.9407511265738            2546.49892674665              0.07432369909601741           0.004831108311883994          
13500.0                       327.2945859253476             -349.1450232741199            2.0729980899085607            -351.21802136402846           2546.49892674665              0.07161021639142881           0.004064524879781426          
13750.0                       255.13889262079104            -349.490733762966             1.6159828478950833            -351.1067166108611            2546.49892674665              0.06677652960115683           0.00563371968695293           
14000.0                       239.8105291561028             -349.29668157458747           1.5188970128395332            -350.815578587427             2546.49892674665              0.06711935974388933           0.006029022789003908          
14250.0                       294.45165423315285            -349.31662831857903           1.8649795720573485            -351.18160789063637           2546.49892674665              0.06777107233061962           0.003613488736236592          
14500.0                       354.66909984338264            -348.77264970721427           2.246381083409118             -351.0190307906234            2546.49892674665              0.0613957299575864            0.002661825318318443          
14750.0                       314.5907244484395             -348.9296866572367            1.9925351622935585            -350.92222181953025           2546.49892674665              0.0649794753787521            0.0036989009834899867         
15000.0                       275.2075568327655             -349.05966630140034           1.7430925049669186            -350.80275880636725           2546.49892674665              0.06404658643633332           0.005549706509661704          
15250.0                       272.4490334302252             -349.3897296097302            1.725620741025983             -351.11535035075616           2546.49892674665              0.06406268783188203           0.004428335789869121          
15500.0                       314.08607536939985            -349.1508563006755            1.9893388473469926            -351.1401951480225            2546.49892674665              0.06287607123356415           0.003137719029359203          
15750.0                       405.1525110560515             -348.22003220819425           2.5661297731714376            -350.7861619813657            2546.49892674665              0.0625346215676943            0.003352290913147435          
16000.0                       360.0016464485929             -348.6162097743968            2.2801560354013595            -350.89636580979817           2546.49892674665              0.0681833888138477            0.002154581423507221          
16250.0                       289.4971200434763             -349.2082665132358            1.833598851589431             -351.04186536482524           2546.49892674665              0.06350426646153763           0.004199837445592692          
16500.0                       300.5017366428947             -349.0404620869204            1.9032992076960662            -350.9437612946165            2546.49892674665              0.0694074722382288            0.0034474073122359138         
16750.0                       257.18344276752464            -349.1113325863808            1.6289324924390594            -350.74026507881985           2546.49892674665              0.0720866260054253            0.0037454092725275694         
17000.0                       306.76020246851743            -349.1800526610539            1.9429386892523945            -351.1229913503063            2546.49892674665              0.06295467038409926           0.004233536657179422          
17250.0                       318.21385121062997            -348.9819029745111            2.015483097213663             -350.9973860717248            2546.49892674665              0.06580699234658785           0.00452359647761238           
17500.0                       290.4689457089333             -349.2052945286559            1.8397541405396614            -351.0450486691955            2546.49892674665              0.06072833668714894           0.005239937281401367          
17750.0                       245.29091585582455            -349.32801923024414           1.5536083452264207            -350.88162757547053           2546.49892674665              0.06714323821659861           0.006143841718912832          
18000.0                       357.05727753679986            -349.0020928040938            2.2615071747339077            -351.26359997882776           2546.49892674665              0.06730649459588561           0.0061003664948515975         
18250.0                       278.04931888880435            -349.25161682064487           1.7610914807137614            -351.01270830135866           2546.49892674665              0.06697147552883909           0.004941372575470631          
18500.0                       239.25751581785627            -349.19911432412334           1.5153943713563633            -350.7145086954797            2546.49892674665              0.07555570069662128           0.003305236265365354          
18750.0                       271.0051449025316             -349.25375562167665           1.7164755296822412            -350.97023115135886           2546.49892674665              0.0696496180532128            0.001997281586704537          
19000.0                       260.52179767015735            -349.20766929651774           1.6500767570685175            -350.85774605358625           2546.49892674665              0.07270013530610912           0.0030504285177128544         
19250.0                       311.2236064788237             -349.1845420777603            1.9712087199395671            -351.15575079769985           2546.49892674665              0.07585324252513591           0.004671933531269564          
19500.0                       316.8819709919332             -348.9811078198836            2.0070473171302883            -350.9881551370139            2546.49892674665              0.07164257590149917           0.004787682693936263          
19750.0                       258.82959326239               -349.70286724635446           1.6393587780493453            -351.34222602440383           2546.49892674665              0.06357374692936107           0.005867635106432714          
20000.0                       282.4895795579917             -349.5441199167894            1.7892149275465206            -351.3333348443359            2546.49892674665              0.07033300880057418           0.003793814755262992          
20250.0                       254.02276925803272            -349.60872188129434           1.6089136151653123            -351.21763549645965           2546.49892674665              0.07138488604300854           0.004894965426890383          
20500.0                       305.33552850331483            -349.27451107686414           1.9339151779093715            -351.20842625477354           2546.49892674665              0.06672799224655122           0.004858661611233587          
20750.0                       304.6675440404206             -348.78388107169144           1.9296843394683583            -350.7135654111598            2546.49892674665              0.06653441836880987           0.005865848869820525          
21000.0                       304.1397218254948             -348.80938005633436           1.9263412519551357            -350.7357213082895            2546.49892674665              0.06205966143052001           0.006392658326101287          
21250.0                       331.7660457722875             -348.47292008963194           2.1013191441527135            -350.5742392337847            2546.49892674665              0.06611420319782133           0.004020020214086633          
21500.0                       279.5864258675652             -349.07554080877964           1.770827113284485             -350.84636792206413           2546.49892674665              0.06850105696253785           0.0029460693312336962         
21750.0                       264.7916806327611             -349.28710936736735           1.6771210761811761            -350.9642304435485            2546.49892674665              0.06525248000021712           0.0033837447947798857         
22000.0                       247.7587946665595             -349.51845381914586           1.5692392425304973            -351.08769306167636           2546.49892674665              0.07120774418989494           0.0022818194945301478         
22250.0                       268.304053294357              -349.55108068980127           1.6993675236680779            -351.2504482134693            2546.49892674665              0.06461218090756331           0.0022737229399797487         
22500.0                       365.80787708783157            -348.4307100851175            2.3169311778641672            -350.74764126298163           2546.49892674665              0.06263980169091461           0.004094710977901212          
22750.0                       312.122373659771              -349.4002942111773            1.9769012756050044            -351.37719548678234           2546.49892674665              0.06735329699294272           0.004623429977955669          
23000.0                       244.6680483689108             -349.41291328134116           1.5496632658815004            -350.9625765472227            2546.49892674665              0.06683149248903776           0.0054354641887051575         
23250.0                       249.59107757040783            -349.8778958982498            1.5808444420149643            -351.45874034026474           2546.49892674665              0.06398555778022806           0.005834258851381997          
23500.0                       333.38111053875               -349.0003604834657            2.1115485409100407            -351.1119090243758            2546.49892674665              0.06619074270534829           0.0047445165511360255         
23750.0                       283.9208725237725             -349.1217189228893            1.79828036190369              -350.91999928479294           2546.49892674665              0.07133695537430444           0.004445870896872671          
24000.0                       290.84271966017036            -349.3156678533746            1.842121526742465             -351.15778938011704           2546.49892674665              0.06639521511432236           0.004713332777762388          
24250.0                       315.0552305095845             -349.16524242215115           1.9954772218903651            -351.16071964404154           2546.49892674665              0.0698929583907477            0.0035810598497337445         
24500.0                       289.8678770711852             -349.1958250167723            1.8359471293896514            -351.0317721461619            2546.49892674665              0.06759710507164744           0.0038570907211712894         
24750.0                       245.06841675276908            -349.4763782766674            1.5521990942474095            -351.0285773709148            2546.49892674665              0.0701740844835235            0.00522916401157424           
25000.0                       269.7974964616846             -349.56944282842795           1.7088266011059283            -351.2782694295339            2546.49892674665              0.06662496218293194           0.007045708340305626          
25250.0                       322.28869493813346            -349.15884265781074           2.041292088950903             -351.20013474676165           2546.49892674665              0.06716795365012619           0.005356296692090052          
25500.0                       360.0951532177655             -348.8320251294904            2.2807482827596233            -351.11277341225              2546.49892674665              0.07565417433290662           0.004278599580124546          
25750.0                       300.2119015465307             -349.218447877723             1.9014634681910807            -351.1199113459141            2546.49892674665              0.06372205143391223           0.0037126466991180516         
26000.0                       297.422231088561              -349.4006215210748            1.8837944269678795            -351.2844159480427            2546.49892674665              0.06964382498569129           0.0029740841413116344         
26250.0                       275.82622977599954            -349.2196403572035            1.7470110171719904            -350.9666513743755            2546.49892674665              0.06567239188322203           0.004422019737529483          
26500.0                       266.179755295794              -349.43698300531196           1.6859127771406723            -351.12289578245264           2546.49892674665              0.07588921928398841           0.0030385683086611727         
26750.0                       291.5180496172137             -349.4680843220395            1.846398889617414             -351.3144832116569            2546.49892674665              0.07202008710135867           0.003100636626143584          
27000.0                       301.5570741122177             -349.15544774572004           1.9099834385150098            -351.065431184235             2546.49892674665              0.06544007718590766           0.003155926940446741          
27250.0                       283.29095504289256            -349.01706046600856           1.7942906297455112            -350.81135109575405           2546.49892674665              0.06781606374850438           0.001964432669703829          
27500.0                       290.072110091161              -349.45772108179455           1.837240687787842             -351.2949617695824            2546.49892674665              0.07044016401174305           0.0013788355710767223         
27750.0                       262.8286430612502             -349.44009546371336           1.664687710915889             -351.10478317462923           2546.49892674665              0.06635808402645106           0.002073567682284646          
28000.0                       311.76131999820575            -349.0158760637992            1.9746144563816947            -350.9904905201809            2546.49892674665              0.06739232490846563           0.005774289813909157          
28250.0                       282.8085899553901             -349.2196067370332            1.7912354557584318            -351.01084219279164           2546.49892674665              0.06589583018823622           0.005073064732091733          
28500.0                       355.25593220943335            -348.95881375202003           2.2500979257469775            -351.208911677767             2546.49892674665              0.061587502082064434          0.006079305345657117          
28750.0                       255.27830308980623            -349.10898765064985           1.6168658372521014            -350.72585348790193           2546.49892674665              0.06968937689471677           0.006581565176050464          
29000.0                       323.95330175900517            -348.73076142639997           2.0518352720908246            -350.7825966984908            2546.49892674665              0.06611834783413272           0.004789838061870707          
29250.0                       322.24355660271874            -349.3441856712971            2.0410061945697544            -351.3851918658669            2546.49892674665              0.0687352852498929            0.004298329403433307          
29500.0                       283.69137453082186            -349.32440767699126           1.7968267817912067            -351.12123445878245           2546.49892674665              0.0683601281004526            0.003912223879932676          
29750.0                       290.8231756472305             -349.36354590851164           1.8419977400889862            -351.2055436486006            2546.49892674665              0.05783108471388594           0.00474591387685923           
30000.0                       301.6123840452833             -349.03859335409294           1.910333757128664             -350.9489271112216            2546.49892674665              0.0663478106785306            0.006072761230583999          
