CMo16S32_159d33
time                          T                             E_tot                         E_kin                         E_pot                         V                             MSD                           P_internal                    
0                             300.00000000000006            -344.5488650306413            1.9001213393563958            -346.4489863699977            2546.49892674665              0.0                           0.017471269418179326          
250.0                         310.77942616816955            -347.99156680997226           1.9683953983169145            -349.95996220828914           2546.49892674665              0.008179054531497776          0.008209011640889313          
500.0                         242.35167351531723            -348.4019050887166            1.5349919549172948            -349.9368970436339            2546.49892674665              0.006466146486829694          0.007182335311420682          
750.0                         313.1343898626661             -348.1815553630004            1.9833111208813228            -350.1648664838817            2546.49892674665              0.0067352801944851335         0.009000045593024185          
1000.0                        280.6265782608162             -348.1777052621746            1.7774151658131478            -349.9551204279877            2546.49892674665              0.006858006523153543          0.005971458798543758          
1250.0                        254.6189611698064             -348.5478356202336            1.6126897384116885            -350.1605253586453            2546.49892674665              0.0068886930291207705         0.006428201192936651          
1500.0                        326.69782338339286            -347.761210850647             2.0692183524402386            -349.83042920308725           2546.49892674665              0.006927196044923911          0.011363501951863487          
1750.0                        318.7605439259839             -348.2834161566083            2.018945705528712             -350.30236186213705           2546.49892674665              0.007740509659223722          0.008256081473982472          
2000.0                        341.0268662126902             -348.78103788336205           2.1599747526152373            -350.9410126359773            2546.49892674665              0.03190974472410189           0.0044447052699984            
2250.0                        312.0693394180433             -348.62157410872993           1.976565370623593             -350.5981394793535            2546.49892674665              0.029640281469338888          0.003447169740734462          
2500.0                        291.92754220287037            -349.31513282968086           1.8489925082851288            -351.16412533796597           2546.49892674665              0.039482471657885064          0.004681244828597162          
2750.0                        294.5184935046516             -349.1314779449769            1.8654029144776214            -350.9968808594545            2546.49892674665              0.02831812113309758           0.005364936873896238          
3000.0                        276.38907617693843            -349.4501684248353            1.7505759386960036            -351.20074436353127           2546.49892674665              0.030865641194897705          0.0035749355402946528         
3250.0                        286.18467248743184            -349.1834823969707            1.812618677300301             -350.996101074271             2546.49892674665              0.029270213984700942          0.005110264910102362          
3500.0                        325.5463355522175             -349.0845955280474            2.0619251304401534            -351.14652065848753           2546.49892674665              0.03280470812458979           0.004955661138986501          
3750.0                        279.24579108380567            -349.35681038938634           1.7686696218793234            -351.12548001126567           2546.49892674665              0.0330881975497155            0.0038382640974021047         
4000.0                        319.921516503059              -349.2866924544274            2.0262990014224056            -351.3129914558498            2546.49892674665              0.032493953894921795          0.007181894340911381          
4250.0                        292.4721013493336             -348.9731367919176            1.8524416031342508            -350.8255783950519            2546.49892674665              0.033461148364204954          0.001391372377152102          
4500.0                        290.10548398292866            -349.1827190792756            1.8374520692675924            -351.0201711485432            2546.49892674665              0.03445696332157176           0.004856667936676589          
4750.0                        240.5033533321594             -349.62571370876105           1.5232851795106903            -351.14899888827176           2546.49892674665              0.035559790573295176          0.003678715430778428          
5000.0                        260.2630123981587             -349.97845212620894           1.6484376790097315            -351.62688980521864           2546.49892674665              0.0333134132562271            0.0025062733668041724         
5250.0                        285.9265624557399             -349.52351903670404           1.8109838760365682            -351.3345029127406            2546.49892674665              0.03755702210667543           0.002667132692518856          
5500.0                        288.36045727676395            -349.0068279064849            1.826399527660491             -350.8332274341454            2546.49892674665              0.02952108641478334           0.004009733214047161          
5750.0                        289.3022923530349             -348.9142713488031            1.8323648640824135            -350.7466362128855            2546.49892674665              0.030702737031294478          0.006383738761375497          
6000.0                        310.8546377905638             -348.8851966945131            1.9688717690125108            -350.85406846352566           2546.49892674665              0.032672108264148826          0.0026771306473648473         
6250.0                        312.5993413646263             -349.1242693238039            1.9799222639856024            -351.1041915877895            2546.49892674665              0.029927820844003757          0.00538112083723229           
6500.0                        319.7014160759587             -348.7993290236248            2.0249049430279564            -350.82423396665274           2546.49892674665              0.02803305057336624           0.003206991043780144          
6750.0                        257.1292856367804             -349.6486060069512            1.6285894753730412            -351.2771954823242            2546.49892674665              0.02914543695252775           0.005419234289247894          
7000.0                        316.791205138987              -348.8209672682345            2.0064724300167285            -350.8274396982512            2546.49892674665              0.03520211531714378           0.005105968849868064          
7250.0                        286.50768103172715            -349.23480045051014           1.8146645287263343            -351.04946497923646           2546.49892674665              0.03424898316861714           0.0029987341635445385         
7500.0                        326.48830739529393            -348.434501643192             2.0678913331071613            -350.5023929762992            2546.49892674665              0.031234269127631054          0.009216313604217095          
7750.0                        336.680469731032              -348.9236537514103            2.1324458169348963            -351.0560995683452            2546.49892674665              0.029274004627125493          0.00761378214425086           
8000.0                        246.21554839700877            -349.0537980859957            1.5594647253016456            -350.6132628112974            2546.49892674665              0.039734175852804095          0.004076342820590406          
8250.0                        303.1521422054418             -349.12444247417955           1.920086181587215             -351.0445286557668            2546.49892674665              0.0389698718272663            0.006130943757116844          
8500.0                        300.46218756480505            -349.0976586356618            1.9030487142052996            -351.00070734986707           2546.49892674665              0.02986130215472352           0.002508864079720771          
8750.0                        289.13390663854074            -348.784183421542             1.8312983531179035            -350.61548177465994           2546.49892674665              0.03452392512679336           0.005131679932610091          
9000.0                        275.6208896617923             -349.17098434489              1.7457104467292202            -350.9166947916192            2546.49892674665              0.03348556084644795           0.004093779218945364          
9250.0                        312.4208768988644             -348.63996868960646           1.9787919168532324            -350.6187606064597            2546.49892674665              0.038826967461937534          0.004142678137206028          
9500.0                        309.0750616449675             -349.01977968860774           1.957600400314987             -350.9773800889227            2546.49892674665              0.03529055528021095           0.004898003155568989          
9750.0                        289.08014486791984            -348.8242206141602            1.8309578401592421            -350.6551784543194            2546.49892674665              0.032494887898554176          0.0029168596715132265         
10000.0                       354.07130774593065            -348.90088676265674           2.2425948250062273            -351.14348158766296           2546.49892674665              0.03366843196484067           0.0037222682843625885         
10250.0                       289.34115630085455            -349.5119501268945            1.832611018137693             -351.3445611450322            2546.49892674665              0.03276327133933239           0.004759928050883636          
10500.0                       328.8348215718318             -348.75004431048535           2.082753538640301             -350.83279784912565           2546.49892674665              0.04225632951657103           0.002283914314535442          
10750.0                       371.12611010737095            -348.8681959285942            2.3506154713578225            -351.218811399952             2546.49892674665              0.0339362950810546            0.003669250376325303          
11000.0                       266.7337141309804             -349.38208232285444           1.6894214071535478            -351.071503730008             2546.49892674665              0.028800227344085248          0.004271275914536964          
11250.0                       248.46004045266088            -349.3747222569749            1.573680749471514             -350.9484030064464            2546.49892674665              0.031191081290868013          0.004007322998090989          
11500.0                       307.8482218496107             -349.0407137738667            1.9498299187312234            -350.9905436925979            2546.49892674665              0.029226419572838166          0.0049419391839454485         
11750.0                       253.84577881518203            -348.7837008288691            1.6077926041075699            -350.39149343297663           2546.49892674665              0.03288453056681469           0.00323177123498661           
12000.0                       248.37015661751892            -349.5463734380173            1.5731114488274591            -351.11948488684476           2546.49892674665              0.030739527404385625          0.00201618236997623           
12250.0                       288.1400207136492             -349.3308347776998            1.825003340268662             -351.1558381179685            2546.49892674665              0.03908518212032934           0.0035275176180261415         
12500.0                       295.7557366010653             -348.9596034167845            1.8732392878425115            -350.832842704627             2546.49892674665              0.040104086120325955          0.003226543037181796          
