CMo16S32_51d98d
time                          T                             E_tot                         E_kin                         E_pot                         V                             MSD                           P_internal                    
0                             299.9999999999998             -344.54886503064137           1.9001213393563938            -346.4489863699978            2546.49892674665              0.0                           0.017471269418179315          
250.0                         736.134870277893              -345.47010596097283           4.662485252197921             -350.13259121317077           2546.49892674665              0.03502846665524593           0.0053509844611589015         
500.0                         463.7807431410965             -347.0238461010497            2.937465622749882             -349.96131172379955           2546.49892674665              0.03336899414490484           0.003121297104208783          
750.0                         422.8237142872285             -348.051963380258             2.6780545410103147            -350.7300179212683            2546.49892674665              0.033244151484085334          0.0012137293832219646         
1000.0                        325.8743474056299             -348.3723817570306            2.064002671514256             -350.43638442854484           2546.49892674665              0.02754158529100347           0.0013596535694891689         
1250.0                        355.1692863861777             -348.5610527197602            2.2495491338211973            -350.8106018535814            2546.49892674665              0.029270827240762687          0.00431035359175796           
1500.0                        347.95687097869563            -348.5448758608955            2.2038675857409986            -350.7487434466365            2546.49892674665              0.029146473452023747          0.006809588076914294          
1750.0                        372.5412501887148             -348.4985361899422            2.359578597580289             -350.8581147875225            2546.49892674665              0.03411664427643993           0.006361141943087271          
2000.0                        360.3151749249259             -348.4059741371767            2.2821418425626137            -350.68811597973934           2546.49892674665              0.03685578486197124           0.0033928187429189877         
2250.0                        364.65286184926146            -348.6727728023821            2.3096156141905375            -350.98238841657263           2546.49892674665              0.030824762492743116          0.003271093880098558          
2500.0                        345.4884751576936             -348.7898234100543            2.1882334138294515            -350.9780568238837            2546.49892674665              0.030974077295796338          0.003476055038417053          
2750.0                        329.5508132146415             -348.717198218069             2.087288441971313             -350.8044866600403            2546.49892674665              0.030164669189447095          0.005045054332867577          
3000.0                        325.86470560557746            -348.4420391356606            2.063941602880824             -350.50598073854144           2546.49892674665              0.030149524256660416          0.005209101613032977          
3250.0                        287.127826950405              -348.6873553981327            1.8185923703716493            -350.50594776850437           2546.49892674665              0.03546847077777513           0.005594421838650034          
3500.0                        294.1429952998895             -349.08678501171585           1.863024607305093             -350.9498096190209            2546.49892674665              0.028016336120120198          0.004880354603326675          
3750.0                        280.9992739602944             -349.13130802575716           1.7797757226520305            -350.91108374840917           2546.49892674665              0.031563226298091655          0.006601867591154512          
4000.0                        251.71663514227512            -349.1690817808612            1.5943071663494164            -350.7633889472106            2546.49892674665              0.028545499595991067          0.0066237800385078585         
4250.0                        242.96531628353705            -349.3435167268148            1.5388786073127487            -350.8823953341276            2546.49892674665              0.03653898578796343           0.004910611442653844          
4500.0                        249.1102495013908             -349.76948469516833           1.5777990030999616            -351.3472836982683            2546.49892674665              0.031575714469818106          0.005466912404988985          
4750.0                        299.38214974352195            -349.2945976370508            1.8962080378335262            -351.1908056748843            2546.49892674665              0.03269002091813109           0.005536517047809437          
5000.0                        344.52777114934236            -348.6299407348098            2.182148566539207             -350.812089301349             2546.49892674665              0.03515131480812517           0.005334265348777307          
5250.0                        346.5070015347688             -348.7144111971985            2.1946844928420446            -350.90909569004054           2546.49892674665              0.037805686504247496          0.005291792483223273          
5500.0                        351.5490813676378             -348.66790323773796           2.226619704459288             -350.8945229421972            2546.49892674665              0.029100219311169215          0.00538187594514969           
5750.0                        349.16833690779305            -348.5485941479373            2.211540693286936             -350.76013484122427           2546.49892674665              0.030197815230537314          0.003398735816692548          
6000.0                        278.3045076807499             -349.10474207968866           1.7627077796108956            -350.86744985929954           2546.49892674665              0.030796170421774315          0.0016114091876150913         
6250.0                        224.95302356941667            -349.3345291754961            1.4247934681233025            -350.7593226436194            2546.49892674665              0.03145006289691109           0.00346105328599317           
6500.0                        298.37996433044594            -349.28159177178486           1.889860458202268             -351.17145222998715           2546.49892674665              0.03316261147819475           0.005884581234857991          
6750.0                        295.598170511788              -348.9525599440631            1.8722413055471958            -350.82480124961035           2546.49892674665              0.04017604234921319           0.005378931430756836          
7000.0                        348.15766599219427            -349.07432728000833           2.2051393687076155            -351.2794666487159            2546.49892674665              0.03347664115247779           0.0057118713260344255         
7250.0                        277.16906512459303            -349.0721371335026            1.7555161841756723            -350.8276533176783            2546.49892674665              0.037487813890296914          0.004542032092442535          
7500.0                        280.78071649425004            -349.2768894451728            1.7783914369683422            -351.0552808821411            2546.49892674665              0.041396971767674734          0.004042000304620629          
7750.0                        254.16483366265945            -349.6678326568868            1.6098134138546263            -351.2776460707414            2546.49892674665              0.02682150395968571           0.004365680617198694          
8000.0                        314.34510918146026            -349.29672872245146           1.9909794995933618            -351.28770822204484           2546.49892674665              0.0351907475213456            0.00306158863888604           
8250.0                        344.59093347198854            -348.5790600989603            2.1825486201295514            -350.76160871908985           2546.49892674665              0.03144640242503658           0.0033046018883603257         
8500.0                        281.7549038811579             -348.7859202723904            1.784561684442994             -350.5704819568334            2546.49892674665              0.036278862601632704          0.0031300400067645773         
8750.0                        342.85894412927115            -348.7904286709131            2.171578653764101             -350.96200732467724           2546.49892674665              0.03588622956756513           0.0043688040772821915         
9000.0                        270.3818966290688             -348.8320768305464            1.7125280385351622            -350.5446048690815            2546.49892674665              0.04010495860335019           0.0038367534235495553         
9250.0                        329.9588599782865             -348.42351268126197           2.0898729031815035            -350.5133855844435            2546.49892674665              0.04138647795437759           0.00508129172699285           
9500.0                        336.80669889280125            -348.4905422636896            2.1332453193479854            -350.62378758303754           2546.49892674665              0.03483018982162004           0.004465685542035076          
9750.0                        333.6918431824848             -348.7316485119174            2.113516640000691             -350.8451651519181            2546.49892674665              0.03709277922577288           0.004167816629474371          
10000.0                       324.3431997507935             -349.16663065457664           2.054304783738722             -351.22093543831534           2546.49892674665              0.03545154545306255           0.00398388533505847           
10250.0                       286.0971117399031             -349.3936154576665            1.81206409048407              -351.20567954815056           2546.49892674665              0.025789676116482026          0.002435076561308893          
10500.0                       240.23402694335832            -349.5493007969495            1.5215793367819812            -351.0708801337315            2546.49892674665              0.03157252048320128           0.004951290287452513          
10750.0                       227.35944578702066            -349.5328540987333            1.4400351154805382            -350.97288921421386           2546.49892674665              0.025996199081403357          0.005769691954887829          
11000.0                       296.45539431700263            -348.86101969359385           1.8776707363635046            -350.73869042995733           2546.49892674665              0.031464788539478275          0.005386792399454494          
11250.0                       364.5932500608215             -348.66941260105017           2.309238048752898             -350.97865064980306           2546.49892674665              0.025758305133563975          0.006113840535466916          
11500.0                       283.8381839468433             -349.0333496724106            1.7977566341385425            -350.83110630654915           2546.49892674665              0.03358882358220318           0.004095716586266091          
11750.0                       278.5568264405158             -349.02075301372076           1.764305900476733             -350.7850589141975            2546.49892674665              0.027733589887359352          0.003160079599574818          
12000.0                       284.1823330176028             -349.06712725556633           1.7999363841161087            -350.86706363968244           2546.49892674665              0.03254492192950428           0.003654225020491495          
12250.0                       292.7556512199412             -349.2602224276981            1.8542375336672947            -351.1144599613654            2546.49892674665              0.03196751048505096           0.003162998783164752          
12500.0                       299.89841957498385            -349.36816871309264           1.8994779555789485            -351.2676466686716            2546.49892674665              0.029870031183768908          0.0033948120541707513         
12750.0                       256.53138262841173            -349.424591434909             1.6248025144894853            -351.0493939493985            2546.49892674665              0.038079349869351596          0.0046103884844236505         
13000.0                       300.80603593266676            -349.19396841747823           1.9052265596095557            -351.0991949770878            2546.49892674665              0.03512195454553806           0.003323887205305674          
13250.0                       281.6173894136022             -349.4955965896395            1.7836907038620846            -351.27928729350157           2546.49892674665              0.03233912238818262           0.0052734934174180695         
13500.0                       232.7960947392329             -349.6215051896436            1.4744694244428318            -351.0959746140864            2546.49892674665              0.029501790758850885          0.003922542829883339          
13750.0                       253.05619389253252            -349.4771324178387            1.6027915802383685            -351.07992399807705           2546.49892674665              0.03523088881955788           0.0033953388961627386         
14000.0                       292.1596239664278             -349.15785425627143           1.850462453323165             -351.0083167095946            2546.49892674665              0.030466530826914716          0.0034373633032878277         
14250.0                       348.65541901429395            -348.9093752426774            2.2082920058376847            -351.1176672485151            2546.49892674665              0.033081988513039305          0.005908956633355132          
14500.0                       313.9413598212728             -349.00281323269627           1.9884222570098828            -350.9912354897061            2546.49892674665              0.033758954192199604          0.007054961866430916          
14750.0                       280.06547730460517            -349.47860759262704           1.7738612994783818            -351.2524688921054            2546.49892674665              0.03135587201819583           0.006960281816257573          
15000.0                       335.4501560446289             -349.0965797186184            2.124653332636107             -351.2212330512545            2546.49892674665              0.03272127446032832           0.004732715686986778          
15250.0                       268.601270510555              -348.96244686621077           1.7012500195844844            -350.6636968857953            2546.49892674665              0.035342697721873685          0.0050644822458255365         
15500.0                       370.112560159327              -348.6854692859546            2.344195911741883             -351.0296651976965            2546.49892674665              0.0313363700890079            0.0033399467474775385         
15750.0                       282.98051040583675            -348.97106091060004           1.7923243548136498            -350.7633852654137            2546.49892674665              0.034042630448918185          0.0014783945879863116         
16000.0                       317.10158153992256            -349.158050831542             2.0084382727588963            -351.1664891043009            2546.49892674665              0.032770782181133336          0.002466255458857322          
16250.0                       339.4808438156088             -348.93072564089687           2.150182652122513             -351.0809082930194            2546.49892674665              0.030976837042129106          0.00197505166713443           
16500.0                       315.8407515842409             -348.8574962079346            2.0004525064119276            -350.85794871434655           2546.49892674665              0.03605418523723244           0.0037124827486864406         
16750.0                       328.00548998530536            -348.5941225305               2.077500769823764             -350.67162330032374           2546.49892674665              0.027328133363098677          0.002792929362876988          
17000.0                       314.5524096548063             -348.72123066983477           1.992292486436907             -350.71352315627166           2546.49892674665              0.038000429800832396          0.002767743198881801          
17250.0                       339.91038329989817            -348.76834489668425           2.1529032425898276            -350.9212481392741            2546.49892674665              0.03592775137667456           0.0011994601746275469         
17500.0                       376.0508819886174             -348.7685650677265            2.381807685167885             -351.1503727528944            2546.49892674665              0.0299240871374341            0.0014977353689388493         
17750.0                       297.69602544711057            -349.2073057751795            1.8855285686454644            -351.09283434382496           2546.49892674665              0.03553146492181112           0.002172837656089905          
18000.0                       332.41832230259075            -349.0890073119077            2.105450492667349             -351.19445780457505           2546.49892674665              0.032757437081657494          0.002415535022846468          
18250.0                       297.83785149954787            -349.06615430101766           1.886426857674507             -350.95258115869217           2546.49892674665              0.03418021350753531           0.0052400311258694945         
18500.0                       275.74864719384254            -349.18895342803114           1.7465196294389276            -350.93547305747006           2546.49892674665              0.03108406681465944           0.005505299163416678          
18750.0                       333.5614702060861             -348.6559524880789            2.1126908917522553            -350.7686433798312            2546.49892674665              0.037976900438571104          0.005462076769724569          
19000.0                       343.6299876870177             -348.6386517535329            2.1764622414895927            -350.8151139950225            2546.49892674665              0.034550101277416395          0.004968194207087325          
19250.0                       257.1084246767817             -349.13881370515855           1.6284573475221975            -350.76727105268077           2546.49892674665              0.03522440112254851           0.004943131114234728          
19500.0                       292.24050655289807            -349.1464715669876            1.8509747424182805            -350.99744630940586           2546.49892674665              0.032112294492087384          0.005186221847349819          
19750.0                       367.7517826181259             -348.62361707135176           2.329243365796851             -350.9528604371486            2546.49892674665              0.030410595099008144          0.005055376827838082          
20000.0                       384.231512877188              -348.6678834281805            2.4336216562371216            -351.1015050844176            2546.49892674665              0.02526559655702563           0.004664450399135464          
20250.0                       341.28008184736666            -348.5798976502771            2.1615785540515953            -350.74147620432865           2546.49892674665              0.03746283563584969           0.0026954222826029474         
20500.0                       289.68774270870944            -348.94541080770233           1.834806205569346             -350.7802170132717            2546.49892674665              0.03579969249728269           0.0016533156802289505         
20750.0                       294.7628923921042             -348.5403499188646            1.8669508729488336            -350.40730079181344           2546.49892674665              0.04171650620119092           0.00028409251192242194        
21000.0                       318.4172704449958             -349.107238478985             2.0167715013071765            -351.12400998029216           2546.49892674665              0.03545843086649769           0.003080065382036541          
21250.0                       295.8169384516662             -348.7160952645999            1.8736269243169612            -350.5897221889169            2546.49892674665              0.03754251594859636           0.00482573270446223           
21500.0                       380.9975054591587             -348.93254692353963           2.413138301215007             -351.3456852247546            2546.49892674665              0.03327338289215791           0.0032561387390847084         
21750.0                       354.79439389818424            -348.89639536769585           2.247174663099861             -351.14357003079573           2546.49892674665              0.03334538926003326           0.003827898263601704          
22000.0                       329.51298232394015            -348.8721273368131            2.0870488310289512            -350.95917616784203           2546.49892674665              0.027938878086474498          0.0053574759195407886         
22250.0                       270.74665312457984            -349.22086737789186           1.7148383105377933            -350.93570568842966           2546.49892674665              0.037182567651472584          0.004221032191650382          
22500.0                       322.85517591639945            -349.08256821169755           2.0448800309347117            -351.1274482426323            2546.49892674665              0.03654668104408662           0.005224321298726302          
22750.0                       330.0832805882736             -348.90921007373436           2.0906609507018112            -350.9998710244362            2546.49892674665              0.03660935216924904           0.0063220537246572485         
23000.0                       249.68049135032263            -349.18549027242915           1.5814107654524596            -350.7669010378816            2546.49892674665              0.029226362640755656          0.008526009590013539          
23250.0                       330.9039887605016             -348.9501355441895            2.0958591010732595            -351.04599464526274           2546.49892674665              0.03338216272948464           0.007639172264474752          
23500.0                       299.2514525879637             -348.960229313433             1.8953802363192946            -350.8556095497523            2546.49892674665              0.031434628103683575          0.003494632525303963          
23750.0                       256.5069223091591             -349.0844282951808            1.6246475892408874            -350.70907588442174           2546.49892674665              0.03184921313744184           0.0025004888629163364         
24000.0                       326.24215727293864            -349.3440567195089            2.0663322827732533            -351.41038900228216           2546.49892674665              0.030909487918006275          0.0019327715661087432         
24250.0                       341.9791033026499             -348.7018119193322            2.166005972664434             -350.86781789199665           2546.49892674665              0.033019934807689486          0.0038837168212114055         
24500.0                       361.40656825402885            -348.5928571181321            2.2890544417434793            -350.88191155987556           2546.49892674665              0.03415304565511864           0.0055799439998279535         
24750.0                       323.1420371736415             -348.7857551685791            2.046696934922446             -350.83245210350157           2546.49892674665              0.03439567480078282           0.004580243683939248          
25000.0                       358.849136612407              -349.16835497172053           2.2728563402895094            -351.44121131201007           2546.49892674665              0.03460411361157065           0.0026535219755264247         
25250.0                       264.72316473868403            -349.21913826724375           1.6766871144731068            -350.89582538171686           2546.49892674665              0.03163444735623467           0.004765696861493025          
25500.0                       306.2408488386564             -349.0229907949728            1.9396492395364906            -350.9626400345093            2546.49892674665              0.03300416480146344           0.005222266306219879          
25750.0                       295.15972862752005            -349.0862157970206            1.8694643296126452            -350.95568012663324           2546.49892674665              0.026816991075235386          0.005249927308568211          
26000.0                       283.78216490194444            -349.36484461354047           1.7974018241964669            -351.16224643773694           2546.49892674665              0.033538487450081915          0.004717217737640846          
26250.0                       279.0573537809498             -349.303984210478             1.7674761094116995            -351.0714603198897            2546.49892674665              0.04070388206570944           0.004815507607825762          
26500.0                       302.42078220150273            -349.11182762515614           1.915453939086427             -351.02728156424257           2546.49892674665              0.03607459517351646           0.005604985676657022          
26750.0                       339.24070501087994            -349.0888532690321            2.14866167589827              -351.23751494493035           2546.49892674665              0.037942794854034595          0.004243470333765399          
27000.0                       317.49420371641344            -348.99579988461085           2.0109250386784123            -351.00672492328926           2546.49892674665              0.033764303205300016          0.00431649215584744           
27250.0                       307.90905127480835            -349.22282588243917           1.9502151963608196            -351.1730410788               2546.49892674665              0.0314439186635452            0.003169890226874227          
27500.0                       285.1667169623546             -348.9790293101203            1.8061712139145842            -350.7852005240349            2546.49892674665              0.03858922225959436           0.0011252916535811296         
27750.0                       317.1825152252453             -349.12314896666413           2.0089508855007447            -351.13209985216486           2546.49892674665              0.031963606505940205          6.371196340116483e-05         
28000.0                       290.97435378084606            -349.3081975122845            1.842955262748076             -351.1511527750326            2546.49892674665              0.0377966782492513            0.0027820538627045224         
28250.0                       285.66340119423484            -349.53253894171326           1.8093170816076427            -351.3418560233209            2546.49892674665              0.032191018200478864          0.0020884978245602087         
28500.0                       290.3411070184994             -349.12375082687754           1.8389444437940319            -350.9626952706716            2546.49892674665              0.03455076061545346           0.0026814541564649554         
28750.0                       268.90074020086286            -349.3650541076959            1.7031467820812989            -351.06820088977724           2546.49892674665              0.030149932693891948          0.0007667943895164972         
29000.0                       260.9497398207914             -349.3145238270127            1.6527872304432836            -350.96731105745596           2546.49892674665              0.0365531425977462            0.0016175235911031268         
29250.0                       297.22703441076004            -349.3287938753556            1.8825581023916758            -351.21135197774726           2546.49892674665              0.034960818786072295          0.003131683114005535          
29500.0                       315.88713587895666            -349.24036188037144           2.000746292372596             -351.241108172744             2546.49892674665              0.029645427810771705          0.005680653571578588          
29750.0                       306.6446400476058             -349.1212016656684            1.942206747179055             -351.0634084128475            2546.49892674665              0.03581255014442702           0.00424031102765633           
30000.0                       301.1482276797552             -349.16398664257747           1.907393912412204             -351.0713805549897            2546.49892674665              0.028980774360120105          0.0036582222365728868         
30250.0                       265.1168968670576             -349.1146136339146            1.6791809105368163            -350.79379454445143           2546.49892674665              0.02913866750979409           0.003146263030927086          
30500.0                       274.0634945879216             -349.1059078838738            1.7358463146836525            -350.84175419855745           2546.49892674665              0.027934554327501745          0.0027590114552722457         
30750.0                       340.9890672046403             -349.09836366530084           2.1597353436092304            -351.25809900891005           2546.49892674665              0.030274394185292267          0.0025056302323031468         
31000.0                       287.26954207384046            -349.4176714368593            1.8194899568054803            -351.23716139366473           2546.49892674665              0.0315198005913619            0.00285587649941032           
31250.0                       330.4033476026666             -349.06844420123355           2.092688171248718             -351.16113237248226           2546.49892674665              0.03281254347158853           0.003426680243517343          
31500.0                       279.6947219329367             -348.92952995590065           1.7715130321670876            -350.70104298806774           2546.49892674665              0.035162837428151385          0.005722870906085976          
31750.0                       299.01163925379933            -348.76590597274475           1.8938613215402682            -350.659767294285             2546.49892674665              0.04395281784004767           0.00561769038252375           
32000.0                       353.7115565096608             -348.5825134864322            2.24031625500324              -350.82282974143544           2546.49892674665              0.029782137879437613          0.005735919800566688          
32250.0                       304.24893564372513            -348.8084089902969            1.927032983643709             -350.7354419739406            2546.49892674665              0.02989503041803255           0.004944953008958805          
32500.0                       332.35823411126063            -348.7883094497987            2.1050699098187167            -350.8933793596174            2546.49892674665              0.03132385969850979           0.005149675844548751          
32750.0                       303.1309404074752             -349.05524206261083           1.9199518949580514            -350.9751939575689            2546.49892674665              0.03566184498776551           0.003771462831478133          
33000.0                       265.44101842697387            -348.9545098514733            1.6812338115119574            -350.63574366298525           2546.49892674665              0.033878494073146144          0.0035176598114449367         
33250.0                       309.4926753707237             -348.9831386484367            1.960245456154712             -350.9433841045914            2546.49892674665              0.03015640033453674           0.004046135997992317          
33500.0                       282.70965852403924            -348.87163200431854           1.7906088500122885            -350.66224085433083           2546.49892674665              0.03447216874799472           0.004315797077993137          
33750.0                       317.1513290686293             -348.9775613604387            2.008753360561816             -350.9863147210005            2546.49892674665              0.03848427522135859           0.0030103260725805937         
34000.0                       303.6094691534588             -349.18677363805995           1.9229827705638478            -351.1097564086238            2546.49892674665              0.03075750194128768           0.004623935639682071          
34250.0                       312.4879633199331             -348.8559604533291            1.9792168246540782            -350.8351772779832            2546.49892674665              0.0269228069751834            0.004727088284601578          
34500.0                       297.12443215101007            -348.8621949700412            1.8819082465809522            -350.74410321662214           2546.49892674665              0.026076373637456848          0.005733121437883945          
34750.0                       348.7450782779611             -348.7132380873944            2.208859884104901             -350.92209797149934           2546.49892674665              0.03323294039553929           0.0032667098028845774         
35000.0                       301.6753168560894             -348.8845896056495            1.9107323570511918            -350.7953219627007            2546.49892674665              0.04068502482232093           0.003339671720249152          
35250.0                       323.33917732465676            -349.12029960538734           2.047945568948406             -351.16824517433577           2546.49892674665              0.03421174599041307           0.003732500994099742          
35500.0                       303.11295460351243            -349.03779419261843           1.9198379775916676            -350.9576321702101            2546.49892674665              0.03954661334716645           0.004369229822036956          
35750.0                       240.48254006144296            -349.28355994841377           1.5231533537112567            -350.80671330212505           2546.49892674665              0.032845014945226216          0.006245224665986784          
36000.0                       292.9054086618591             -348.63004180231263           1.85518605803768              -350.48522786035034           2546.49892674665              0.03614742815936194           0.004618844816952342          
36250.0                       312.5610228725185             -348.93888412643247           1.9796795647037826            -350.9185636911362            2546.49892674665              0.03833533452034135           0.0038946118300147562         
36500.0                       250.6598348395533             -348.9044045860758            1.587613670327283             -350.4920182564031            2546.49892674665              0.03713382393592779           0.00369062439361289           
36750.0                       338.99240587457507            -348.8920411859449            2.1470890142734813            -351.0391302002184            2546.49892674665              0.03646866420855121           0.0037224587232494786         
37000.0                       318.18421755301154            -348.9649521040389            2.0152954053963166            -350.98024750943523           2546.49892674665              0.03732814649942294           0.004440561841114855          
37250.0                       273.66530283616515            -348.82441164453985           1.7333242725347588            -350.5577359170746            2546.49892674665              0.03264819579760338           0.0052388539331402            
37500.0                       283.72063956114386            -348.65790542727166           1.7970121388199125            -350.4549175660916            2546.49892674665              0.03388332599319576           0.005373169754866398          
37750.0                       317.3609530588772             -348.9071530925743            2.010081063952186             -350.9172341565265            2546.49892674665              0.028844274470464833          0.0037810534779310835         
38000.0                       290.61063089485697            -348.9534225313605            1.8406515373571424            -350.79407406871763           2546.49892674665              0.03440719290533925           0.003891220323161687          
38250.0                       285.5503692618334             -349.0423101619513            1.808601166985027             -350.8509113289363            2546.49892674665              0.031120934558505495          0.004929751077564896          
38500.0                       282.00997421527495            -349.2432917191844            1.7861772330593026            -351.0294689522437            2546.49892674665              0.02946386850520518           0.005742727479673754          
38750.0                       324.4496234244586             -349.07464076764256           2.0549788433832012            -351.12961961102576           2546.49892674665              0.03826652191798991           0.003948057670704075          
39000.0                       354.3281632405263             -348.4638535622109            2.2442216803609343            -350.7080752425718            2546.49892674665              0.030564491718661404          0.0038680378496351218         
39250.0                       326.1671842771931             -348.58789005476785           2.065857423476281             -350.65374747824416           2546.49892674665              0.03219017130896216           0.004381921360803051          
39500.0                       317.9892531568108             -348.72321934673226           2.014060552030864             -350.7372798987631            2546.49892674665              0.031198755704844462          0.004625288378990729          
39750.0                       335.7799461292989             -348.65655589932004           2.126742136560739             -350.78329803588076           2546.49892674665              0.031150558864361088          0.004922185019173895          
40000.0                       232.00009013655244            -348.97026250569286           1.4694277400035682            -350.43969024569645           2546.49892674665              0.03295621028230524           0.003987854268483162          
40250.0                       337.91506022082353            -348.97576818895163           2.1402653893849606            -351.1160335783366            2546.49892674665              0.032367384408386775          0.005939128810861261          
40500.0                       308.6175446885595             -348.80598406186016           1.9547026078750263            -350.7606866697352            2546.49892674665              0.03343737834639227           0.004895110880030482          
40750.0                       360.29266592755664            -348.7991749926775            2.281999276475184             -351.08117426915265           2546.49892674665              0.034126479559350865          0.0051418046274802716         
41000.0                       282.37647431239986            -349.0462157905716            1.78849854857738              -350.83471433914895           2546.49892674665              0.03781527902477431           0.003958949010640332          
41250.0                       348.09287505323437            -348.65552006656475           2.204728999888567             -350.8602490664533            2546.49892674665              0.032462279080081             0.0029957123154778927         
41500.0                       328.2659002400431             -348.801714135716             2.0791501400971453            -350.88086427581317           2546.49892674665              0.028419551971521035          0.005198493986847542          
41750.0                       241.4771333267569             -349.61555466947436           1.5294528466692672            -351.1450075161436            2546.49892674665              0.029687829867396407          0.005212435181841505          
42000.0                       232.3559478645937             -349.35734891768965           1.4716816495463219            -350.829030567236             2546.49892674665              0.029482905480656064          0.00413939271761427           
42250.0                       252.66525813923369            -349.5189424520857            1.600315495681167             -351.11925794776687           2546.49892674665              0.03373213009101226           0.0031581704277105238         
42500.0                       267.9345020363565             -349.44668661614764           1.697026882897035             -351.1437134990447            2546.49892674665              0.034125025912897455          0.003721142483488838          
42750.0                       260.41640679918595            -349.17746950544483           1.649409238925497             -350.82687874437033           2546.49892674665              0.028978027302653774          0.005467137866513876          
43000.0                       300.51651612444795            -349.27655026464885           1.9033928170570127            -351.17994308170586           2546.49892674665              0.036721962565935615          0.0048173701739290895         
43250.0                       255.01205736383758            -348.8763994203414            1.6151795066340167            -350.4915789269754            2546.49892674665              0.027935693943706652          0.0032337633812404396         
43500.0                       288.1603962827806             -349.1359470908016            1.8251323937810224            -350.9610794845826            2546.49892674665              0.03349511388126645           0.004269469174680843          
43750.0                       250.74730716872216            -349.1620784842384            1.588167697124806             -350.7502461813632            2546.49892674665              0.031287110303173514          0.005842156131885824          
44000.0                       368.59891839001756            -348.79808490043234           2.334608901655196             -351.13269380208754           2546.49892674665              0.033220013519312135          0.0035898867260674657         
44250.0                       346.8717930056389             -348.94817888361644           2.19699498636943              -351.14517386998585           2546.49892674665              0.0325669234305274            0.005482717372380353          
44500.0                       272.91426133287274            -349.2640545293649            1.7285673725775983            -350.99262190194247           2546.49892674665              0.03198576938476436           0.005414035426696574          
44750.0                       259.274827317271              -349.5923401534695            1.642178773811637             -351.2345189272811            2546.49892674665              0.038079553947687424          0.005616940855250927          
45000.0                       299.38324797901555            -348.7306272819693            1.8962149937691828            -350.6268422757385            2546.49892674665              0.03500558366223488           0.0061290593991733195         
45250.0                       334.03104086476816            -349.0399734730592            2.1156650291819137            -351.1556385022411            2546.49892674665              0.039093390392694105          0.004388604896641641          
45500.0                       335.30456621681674            -348.7041056908947            2.12373120484071              -350.82783689573546           2546.49892674665              0.03444547808130364           0.004330561050761708          
45750.0                       341.73524818668307            -348.8162491493552            2.1644614582992348            -350.98071060765443           2546.49892674665              0.03332305981416386           0.003838212307191563          
46000.0                       327.7324800239523             -348.8570349378459            2.075771596312351             -350.93280653415826           2546.49892674665              0.030454455414418612          0.003909111813872014          
46250.0                       276.70029482088523            -349.13887417091155           1.7525471159845663            -350.8914212868961            2546.49892674665              0.03031832344486631           0.004945064374777735          
46500.0                       287.7316286277305             -349.0055408856254            1.8224166918777343            -350.8279575775031            2546.49892674665              0.028812288536233042          0.0035645194958743268         
46750.0                       293.58579701329955            -349.3990747887805            1.8594954594564184            -351.25857024823694           2546.49892674665              0.035455470408812556          0.002699293220449371          
47000.0                       296.62317764837684            -349.55851098545224           1.8787334319912794            -351.43724441744354           2546.49892674665              0.031633152752438956          0.005533921207616493          
47250.0                       303.9908320373549             -348.9952576348732            1.9253982230762792            -350.9206558579495            2546.49892674665              0.037366596012203115          0.00535740300448197           
47500.0                       322.8928685761349             -349.0105073950762            2.04511876635838              -351.0556261614346            2546.49892674665              0.03235998516823399           0.005285177534962301          
47750.0                       287.4071365546505             -349.62979422482107           1.820361444169363             -351.4501556689904            2546.49892674665              0.03191401198906318           0.005327338312071876          
48000.0                       292.27886332703844            -349.63540882467635           1.8512176841684571            -351.4866265088448            2546.49892674665              0.029266079670875293          0.004811278268512658          
48250.0                       248.38200759181132            -349.61529307605525           1.5731865097912763            -351.18847958584655           2546.49892674665              0.036566107395652775          0.0037328573923262193         
48500.0                       306.70373501777385            -349.37992840646405           1.9425810392252716            -351.3225094456893            2546.49892674665              0.034878666246946174          0.004772861021140297          
48750.0                       281.2199613992665             -349.16575366416083           1.78117349902576              -350.9469271631866            2546.49892674665              0.039085784851838466          0.003810549033842534          
49000.0                       252.3528422497676             -349.37745593141034           1.5983367353534053            -350.97579266676377           2546.49892674665              0.038996210597244736          0.003055571916004191          
49250.0                       255.61364139598552            -349.6881770764208            1.6189897821570178            -351.30716685857783           2546.49892674665              0.030445552652497744          0.004944087735128339          
49500.0                       251.13863912872682            -349.74456471477276           1.590646291151396             -351.3352110059242            2546.49892674665              0.03255304297907362           0.003616513303247577          
49750.0                       315.7231440121367             -349.2325064718719            1.9997076108871776            -351.23221408275907           2546.49892674665              0.03498931915947811           0.00373185157064294           
50000.0                       260.4351475461635             -349.30872846176146           1.6495279379029886            -350.95825639966444           2546.49892674665              0.03389094393281713           0.003080728744127594          
50250.0                       278.34289104093693            -349.44038179288333           1.762950889750121             -351.20333268263346           2546.49892674665              0.03571757798004984           0.004242671974750729          
50500.0                       266.68484280625574            -349.53634855178774           1.6891118689969082            -351.22546042078466           2546.49892674665              0.02620543824461223           0.005711447479162055          
50750.0                       230.35538328113228            -349.69120740874746           1.459010598027003             -351.1502180067745            2546.49892674665              0.03432218782506938           0.005358351593179353          
51000.0                       268.8414317676096             -349.29681974408743           1.702771138015871             -350.9995908821033            2546.49892674665              0.03114682764059497           0.0058227367948566235         
51250.0                       323.24433804490474            -349.1956725767062            2.0473448818175193            -351.24301745852375           2546.49892674665              0.03129897273583324           0.0034934596874987164         
51500.0                       320.23200685260906            -349.19411647012157           2.02826556588522              -351.22238203600676           2546.49892674665              0.02924781194611551           0.0026214500331302355         
51750.0                       290.98177402878684            -348.9781088134906            1.843002260652928             -350.8211110741436            2546.49892674665              0.03261960657418118           0.0028624480015832575         
52000.0                       280.8315525737428             -349.1590412435095            1.7787134193665204            -350.937754662876             2546.49892674665              0.030342190001824185          0.0031086492441711002         
52250.0                       268.0212543043644             -349.40757229623296           1.6975763490159663            -351.1051486452489            2546.49892674665              0.030996721560568985          0.004668482846643104          
52500.0                       297.08708554006597            -349.472680869421             1.8816717029395937            -351.3543525723606            2546.49892674665              0.033297136289303704          0.006103757914657463          
52750.0                       250.25733305758305            -349.5679142473582            1.585064329577114             -351.1529785769353            2546.49892674665              0.03348012046167252           0.0062795011948219666         
53000.0                       277.16500033731535            -349.14301822849467           1.7554904388788515            -350.8985086673735            2546.49892674665              0.0307521211682593            0.006560840686563683          
53250.0                       295.6683886261609             -349.2078513092905            1.8726860486722936            -351.0805373579628            2546.49892674665              0.02777379895068243           0.005965240469706638          
53500.0                       241.67953044087673            -349.3656671679963            1.5307347769211448            -350.89640194491744           2546.49892674665              0.03465574741691516           0.00455401988598968           
53750.0                       280.27225871043794            -349.1983656838151            1.7751709986843984            -350.9735366824995            2546.49892674665              0.030861744611340773          0.004480981387969113          
54000.0                       221.4141929342886             -349.34458193757257           1.4023794427693859            -350.74696138034193           2546.49892674665              0.03292819581681554           0.004828803939210095          
54250.0                       249.1103676158359             -349.28062140094966           1.5777997512058872            -350.85842115215553           2546.49892674665              0.03687802726268842           0.0055125776140091095         
54500.0                       285.03777482696614            -348.86266934369735           1.8053545282379384            -350.6680238719353            2546.49892674665              0.03256451064507881           0.005514291649745686          
54750.0                       325.60792592496085            -348.99407561845584           2.062315227711982             -351.0563908461678            2546.49892674665              0.034765955249719906          0.0031652598873096773         
55000.0                       265.9519884450501             -348.89379562720245           1.6844701616290172            -350.57826578883146           2546.49892674665              0.038323982252635024          0.0015279860676191287         
55250.0                       342.84241984082666            -348.78243711300894           2.171473993253797             -350.95391110626275           2546.49892674665              0.033921850660247645          0.0026245617304598546         
55500.0                       312.06818411737197            -348.853624456661             1.9765580532520635            -350.8301825099131            2546.49892674665              0.03220011036496783           0.00516342028239333           
55750.0                       352.46614710419414            -348.73025692073236           2.232428158378032             -350.9626850791104            2546.49892674665              0.037511294632234064          0.003743127403805052          
56000.0                       334.81118397339               -348.81369520105346           2.1206062510767274            -350.93430145213017           2546.49892674665              0.03342902339371985           0.005089748936626821          
56250.0                       277.0063477491783             -349.18314031684184           1.7544855749846402            -350.9376258918265            2546.49892674665              0.03121859563744153           0.006648188629410776          
56500.0                       321.8515588672987             -349.0732455457113            2.0385233836962513            -351.11176892940756           2546.49892674665              0.03738339059248473           0.005216681504476655          
56750.0                       342.24643338219386            -348.6290999654566            2.1676991712937452            -350.79679913675034           2546.49892674665              0.04389509694171418           0.006207430280909774          
57000.0                       329.61496349116464            -348.8075327312244            2.0876947530024705            -350.8952274842269            2546.49892674665              0.02980699758025702           0.005900409191789399          
57250.0                       245.32736750258445            -349.23261750255745           1.553839220399298             -350.78645672295676           2546.49892674665              0.030342951653456518          0.0037634175219835226         
57500.0                       240.83354572025803            -349.5224844116434            1.5253765315197545            -351.0478609431632            2546.49892674665              0.034154117190417756          0.002475155286618605          
57750.0                       258.90322554448665            -349.5684394832323            1.6398251456176027            -351.20826462884986           2546.49892674665              0.031050214384213005          0.003031670092217921          
58000.0                       259.5953532650663             -349.5374307354298            1.6442089011223813            -351.1816396365522            2546.49892674665              0.03322636601563822           0.002023451596859051          
58250.0                       287.692243596384              -349.3772788956896            1.822167237416025             -351.1994461331056            2546.49892674665              0.031963959201900705          0.0037883142349030164         
58500.0                       316.1668474261606             -349.1426422238558            2.002517911971618             -351.1451601358274            2546.49892674665              0.0346713549364793            0.004702861586881818          
58750.0                       347.51960361238446            -349.0352427811928            2.201098048895225             -351.236340830088             2546.49892674665              0.02745535937431965           0.007028228415515612          
59000.0                       293.8611028212159             -349.45595054065967           1.8612391742579872            -351.3171897149177            2546.49892674665              0.02982362551055713           0.004627711424143242          
59250.0                       227.46521196171543            -348.90765435273676           1.440705010698937             -350.3483593634357            2546.49892674665              0.03613954722040131           0.0030253351396821015         
59500.0                       346.7872845233544             -348.79766189647853           2.196459731800945             -350.99412162827946           2546.49892674665              0.02948608703996814           0.0038515194673706793         
59750.0                       320.87335355432185            -348.59699313367565           2.0323276877313874            -350.629320821407             2546.49892674665              0.03904675451898495           0.004130892615472428          
60000.0                       367.02023906884284            -348.40105051645895           2.3246099607679804            -350.72566047722694           2546.49892674665              0.030712889235222883          0.004936876236908448          
60250.0                       360.56107362939923            -348.5177489738254            2.28369930048158              -350.801448274307             2546.49892674665              0.029968967116202557          0.0038231716951482968         
60500.0                       278.50134426112635            -348.7984486189809            1.7639544909000264            -350.5624031098809            2546.49892674665              0.034615504178017             0.0016011285243688188         
60750.0                       285.8825202438859             -349.0947521231479            1.8107049242146476            -350.9054570473625            2546.49892674665              0.036871046651291976          0.0005188965019003868         
61000.0                       283.7203063707281             -348.89315288053587           1.7970100284791823            -350.69016290901504           2546.49892674665              0.02987483894635816           0.0028885137388507003         
61250.0                       309.4833077178595             -348.91993665287254           1.9601861238976885            -350.88012277677024           2546.49892674665              0.03381928445382332           0.005400973258313808          
61500.0                       291.19787609214274            -348.9595128355388            1.8443709944597997            -350.8038838299986            2546.49892674665              0.03370692879966521           0.00564353017654774           
61750.0                       269.2497990592501             -349.4406098686046            1.7053576293663422            -351.14596749797096           2546.49892674665              0.03006569388542675           0.0038622166261512835         
62000.0                       259.608145698422              -349.5599843391528            1.6442899250410528            -351.2042742641938            2546.49892674665              0.03133976252664822           0.002355173324552664          
62250.0                       276.37738647675104            -348.9704880460608            1.7505018992000811            -350.72098994526084           2546.49892674665              0.032082092644610344          0.0028852239482261293         
62500.0                       278.0138778616099             -349.1430279605236            1.760867006540225             -350.9038949670639            2546.49892674665              0.03934602196666276           0.0022864795951789245         
62750.0                       363.5355483791948             -348.7189236576329            2.302538843633124             -351.021462501266             2546.49892674665              0.03451574441736903           0.0026106303999113615         
63000.0                       323.78953801809706            -348.70723923153577           2.050798035495117             -350.7580372670309            2546.49892674665              0.03387398717561266           0.0023950547962917177         
63250.0                       299.3799479141145             -348.8157626483401            1.8961940920233837            -350.7119567403635            2546.49892674665              0.032282674785934704          0.0032605210807398685         
63500.0                       293.63502436120865            -349.06394871668124           1.8598072525705587            -350.9237559692518            2546.49892674665              0.03152527090734667           0.00450413037841563           
63750.0                       280.6050032105104             -349.4300410334066            1.7772785151015353            -351.20731954850817           2546.49892674665              0.03195251923230594           0.004171076972352485          
64000.0                       245.15460194573245            -349.5802292386971            1.552744968661697             -351.13297420735876           2546.49892674665              0.03041837313449612           0.005507688387938046          
64250.0                       222.00761955197706            -349.68186618117375           1.4061380513680923            -351.08800423254183           2546.49892674665              0.03815921989593596           0.0047217567094777115         
64500.0                       237.38745893525535            -349.72775747533234           1.5035499213948957            -351.23130739672723           2546.49892674665              0.039095214890587336          0.005229985461652216          
64750.0                       326.1446597682447             -349.29172025732004           2.0657147591425766            -351.3574350164626            2546.49892674665              0.03735599906292616           0.0025828643801136695         
65000.0                       301.83833098723267            -349.24469895873875           1.9117648458151983            -351.15646380455394           2546.49892674665              0.035190600488592905          0.004698488129841112          
65250.0                       272.0243285529081             -349.2517431174878            1.7229307716915865            -350.9746738891794            2546.49892674665              0.0381717602488489            0.002322126025506472          
65500.0                       336.5126290577854             -348.5529644438412            2.1313827581187366            -350.6843472019599            2546.49892674665              0.03599170230735061           0.0028747697123101008         
65750.0                       256.94305377358495            -348.99309441742565           1.627409931581955             -350.6205043490076            2546.49892674665              0.02967320364607597           0.003355840381139234          
66000.0                       236.72422713541042            -349.3706710960068            1.4993491850754785            -350.87002028108225           2546.49892674665              0.03178305535225133           0.0041794368457668            
66250.0                       296.66513032993714            -349.20729639424854           1.8789991492761993            -351.0862955435247            2546.49892674665              0.028525589682113075          0.0014355132925980944         
66500.0                       253.39612544620158            -349.30947016438273           1.6049446175685258            -350.9144147819513            2546.49892674665              0.03422711093083838           0.0005756088277474496         
66750.0                       250.1850584262608             -349.5982653510625            1.5846065610128823            -351.18287191207537           2546.49892674665              0.029394496366375273          0.001685506512608767          
67000.0                       266.7288688534982             -349.4472626240588            1.6893907184364179            -351.1366533424952            2546.49892674665              0.028023383648867008          0.005260548720940635          
67250.0                       287.42318596515423            -349.47610805036766           1.820463096927304             -351.29657114729497           2546.49892674665              0.031923887036386184          0.00638033343620729           
67500.0                       279.5701155284369             -349.3998967872951            1.7707238078730523            -351.17062059516815           2546.49892674665              0.030378291485699885          0.0067747701370085124         
67750.0                       256.9893316479343             -349.42611911198645           1.6277030435039261            -351.05382215549037           2546.49892674665              0.03516733264125493           0.006260058883537517          
68000.0                       298.85144565227847            -348.8934046324819            1.8928466972713414            -350.78625132975327           2546.49892674665              0.034711991719183204          0.006079652761709815          
68250.0                       252.3071114628346             -349.62961880698776           1.598047088539682             -351.2276658955274            2546.49892674665              0.037068437151751746          0.005938143187914966          
68500.0                       285.9003020942579             -349.39819176278314           1.8108175497924643            -351.20900931257563           2546.49892674665              0.03376712042128785           0.0036070353157695505         
68750.0                       291.3060535411559             -348.9909759510119            1.84505616205749              -350.8360321130694            2546.49892674665              0.036701710227146474          0.0023170795702266845         
69000.0                       284.8280591373265             -348.96145757902934           1.8040262440476644            -350.76548382307703           2546.49892674665              0.03237297261753745           0.003913221713513275          
69250.0                       301.45292007218836            -348.9203671048365            1.9093237541348766            -350.8296908589714            2546.49892674665              0.035251672986739785          0.004960652821450325          
69500.0                       322.58767690887436            -348.77010939108817           2.0431857623598617            -350.81329515344805           2546.49892674665              0.04120861517593659           0.005094591276687693          
69750.0                       302.84528224162494            -349.0081205517622            1.9181426110357398            -350.92626316279797           2546.49892674665              0.031002979602817324          0.005514732756256143          
70000.0                       287.4321154428944             -348.8265226854429            1.820519653897982             -350.6470423393409            2546.49892674665              0.03374870998732469           0.004649607165472581          
70250.0                       320.9393770882703             -349.08470760210736           2.0327458634839046            -351.11745346559127           2546.49892674665              0.028605922295643498          0.0035157726093549744         
70500.0                       287.3221425035655             -349.1721318469926            1.8198231141354133            -350.99195496112804           2546.49892674665              0.03488463787209092           0.004203554192653108          
70750.0                       323.62400034255353            -349.1200896261631            2.0497495632625577            -351.16983918942566           2546.49892674665              0.03370512499740266           0.004800542341126828          
71000.0                       316.40584331760977            -348.64650485992905           2.0040316492828216            -350.65053650921186           2546.49892674665              0.04051572054786575           0.0029643897701988643         
71250.0                       331.8571291176199             -348.37019055885787           2.1018960421798005            -350.4720866010377            2546.49892674665              0.03490911884013756           0.004657175750291563          
71500.0                       336.5371647189447             -348.54118263703293           2.131538160563217             -350.6727207975961            2546.49892674665              0.03424901781142282           0.003905613458101209          
71750.0                       286.0246814993488             -349.07463968847014           1.8116053363317635            -350.8862450248019            2546.49892674665              0.0355401386283237            0.0018032862005569672         
72000.0                       310.31597243477455            -349.0464460854416            1.9654600038881536            -351.0119060893297            2546.49892674665              0.034447221727888847          0.001970184861916794          
72250.0                       321.0909834394278             -349.0914372124754            2.033706098360626             -351.12514331083605           2546.49892674665              0.03204695109748929           0.0013441558450638744         
72500.0                       328.0035340428896             -348.837606481871             2.077488381397355             -350.91509486326834           2546.49892674665              0.030725126255671052          0.001932829316416143          
72750.0                       294.8423807839831             -348.960209156239             1.8674543315809677            -350.82766348781996           2546.49892674665              0.03303991277267585           0.0028275603391394433         
73000.0                       278.9976518226618             -348.95543621905887           1.7670979728618845            -350.7225341919208            2546.49892674665              0.038741786116976144          0.003362301610524528          
73250.0                       337.81656816186023            -348.7376774323647            2.1396415665083164            -350.877318998873             2546.49892674665              0.03357683898072579           0.0038997576724121006         
73500.0                       361.3444915023555             -348.4047013771948            2.2886612638750377            -350.6933626410698            2546.49892674665              0.02962177836517586           0.004629401587431261          
73750.0                       288.0161105917229             -349.09718567267385           1.8242185260458805            -350.9214041987197            2546.49892674665              0.031506530839681676          0.0032866408493985757         
74000.0                       280.5836464578194             -349.03736804920663           1.7771432470297768            -350.8145112962364            2546.49892674665              0.0329870423460493            0.0030823051980914964         
74250.0                       364.6477458971757             -348.3778438130221            2.30958321109144              -350.6874270241135            2546.49892674665              0.044662488432442166          0.0006719166354275903         
74500.0                       347.6776872926039             -348.4912196977035            2.2020993094758547            -350.69331900717935           2546.49892674665              0.043091331259787986          0.0011354231465685713         
74750.0                       284.7500854510491             -348.7177913397001            1.8035323791636513            -350.52132371886375           2546.49892674665              0.034078103361580854          0.0025351430535070214         
75000.0                       271.0165056263766             -349.1403339870198            1.7165474855282694            -350.8568814725481            2546.49892674665              0.030147005973033436          0.0037993037147677645         
75250.0                       278.76872521420694            -349.2243981273388            1.7656480117489795            -350.9900461390878            2546.49892674665              0.030150400660304003          0.004213972399726108          
75500.0                       344.6363649106167             -348.88503497227964           2.1828363709496013            -351.0678713432292            2546.49892674665              0.031571730084320966          0.005197881744661851          
75750.0                       279.7416477296735             -348.97714312903423           1.7718102478595739            -350.7489533768938            2546.49892674665              0.032114914669286655          0.0027905683621675566         
76000.0                       290.46549569659584            -348.9140241802675            1.8397322890661165            -350.7537564693336            2546.49892674665              0.034855992904409175          0.0023228575712917377         
76250.0                       246.80836448030976            -349.603062306604             1.5632194669356252            -351.1662817735396            2546.49892674665              0.03580689374136269           0.0032872206961842535         
76500.0                       304.5215956568956             -349.07984618414497           1.9287599406750906            -351.00860612482006           2546.49892674665              0.029859190413575376          0.004072469395369438          
76750.0                       301.66969809358966            -349.28229222812416           1.91069676928277              -351.1929889974069            2546.49892674665              0.03182329741699078           0.0027537943665474113         
77000.0                       287.0599125183125             -348.95469526675987           1.8181622181660853            -350.77285748492596           2546.49892674665              0.02894016081659502           0.006115818938934062          
77250.0                       301.2200424273077             -349.196731317393             1.9078487681932206            -351.10458008558624           2546.49892674665              0.032178334134300504          0.005068074576824213          
77500.0                       292.7835964531567             -349.4161511105524            1.8544145314471816            -351.27056564199955           2546.49892674665              0.03297998694761872           0.0035116709428210124         
77750.0                       307.5550883489468             -349.50584282426377           1.9479732879982512            -351.453816112262             2546.49892674665              0.031918811581354546          0.004218107518803951          
78000.0                       325.23934861623997            -349.2643324554298            2.059980755680305             -351.3243132111101            2546.49892674665              0.030465338625920498          0.0035419598110672744         
78250.0                       312.10317637928546            -348.94890515092516           1.9767796850639772            -350.92568483598916           2546.49892674665              0.03594405526729118           0.004859759822876272          
78500.0                       285.8811746943291             -349.2147446519722            1.8106964018565608            -351.02544105382873           2546.49892674665              0.036124269071507425          0.0032763213216326485         
78750.0                       273.5175736640365             -349.31719273036333           1.7323885946934017            -351.04958132505675           2546.49892674665              0.026722107301117477          0.005499301980690233          
79000.0                       292.4191199778768             -349.3374184749368            1.8521060330192722            -351.18952450795604           2546.49892674665              0.03364136374900758           0.003266112175363214          
79250.0                       247.93900587873446            -349.5490878546263            1.570380653096647             -351.11946850772296           2546.49892674665              0.029467612554130912          0.003204767657629811          
79500.0                       272.92318475266364            -349.47947647100784           1.7286238911788139            -351.20810036218666           2546.49892674665              0.02996894587571753           0.0043613319229513095         
79750.0                       317.3932250233934             -348.9233479306967            2.0102854661136536            -350.93363339681036           2546.49892674665              0.029549404802003344          0.00539910494854829           
80000.0                       284.5698066035388             -349.21203876677447           1.8023905402130218            -351.0144293069875            2546.49892674665              0.03096830811934508           0.00614986752510143           
80250.0                       279.91881465405663            -348.98239991495484           1.7729323767050689            -350.7553322916599            2546.49892674665              0.033478002101245366          0.004925382109770937          
80500.0                       249.82373633293133            -349.05936721300907           1.5823180416131615            -350.64168525462225           2546.49892674665              0.030118023598504597          0.002589608570047569          
80750.0                       276.3643346199592             -349.3305720191432            1.7504192321613863            -351.08099125130457           2546.49892674665              0.02795624619185978           0.0017560458767030146         
81000.0                       286.7880141147322             -349.0996282862552            1.8164400849701527            -350.9160683712254            2546.49892674665              0.029840598891407413          0.004131728252069985          
81250.0                       238.90352900270722            -349.15014862074116           1.5131523116853116            -350.66330093242647           2546.49892674665              0.030793656749027495          0.005543531775770025          
81500.0                       287.8840951536018             -349.43958592260657           1.8233823748755524            -351.26296829748213           2546.49892674665              0.03570382773044086           0.005259570806460354          
81750.0                       270.74310557921854            -348.79516202920865           1.714815841315649             -350.5099778705243            2546.49892674665              0.032482158357857             0.005106920892211583          
82000.0                       279.1484357127488             -348.9259525775964            1.7680529984858362            -350.6940055760822            2546.49892674665              0.036754434743913426          0.00424681327369409           
82250.0                       360.93340080375623            -349.37637102176143           2.286057523178973             -351.6624285449404            2546.49892674665              0.03189670294861591           0.0040938445397734795         
82500.0                       232.9263090024678             -349.4199507825666            1.4752941674437023            -350.8952449500103            2546.49892674665              0.031657923085317466          0.0047379812751790545         
82750.0                       231.1939134095845             -349.76029787517564           1.4643216279962206            -351.2246195031719            2546.49892674665              0.03437491825924646           0.004580919682608109          
83000.0                       316.8548109655206             -349.04572519161434           2.0068752926444082            -351.05260048425873           2546.49892674665              0.03321207935205959           0.005437260775935075          
83250.0                       315.94732402751504            -349.2860547535629            2.001127508324103             -351.287182261887             2546.49892674665              0.03363872404231971           0.005539318759660481          
83500.0                       244.42098755864865            -349.2516999213571            1.5480984474891744            -350.79979836884627           2546.49892674665              0.033401943384913306          0.005494759355477418          
83750.0                       260.53704293960334            -349.17692857722034           1.650173316607846             -350.82710189382817           2546.49892674665              0.031638693725088             0.006486489654129502          
84000.0                       326.1752991700932             -348.959702358619             2.065908821080168             -351.0256111796991            2546.49892674665              0.030277432969241996          0.003880330421848254          
84250.0                       346.09487655443445            -348.64027149707664           2.192074201276661             -350.8323456983533            2546.49892674665              0.029814547246146926          0.003817212108134982          
84500.0                       285.99943139971487            -349.041945408795             1.8114454088213123            -350.85339081761634           2546.49892674665              0.03674676349131698           0.0034822307185569923         
84750.0                       279.9778072655615             -349.0669774143115            1.7733060204383517            -350.84028343474984           2546.49892674665              0.033092658340827495          0.004399788071313448          
85000.0                       326.39012563021976            -349.05401455619335           2.067269475550651             -351.121284031744             2546.49892674665              0.035637740539278845          0.004088438177431379          
85250.0                       334.99449170577907            -348.7373712858258            2.1217672741899993            -350.8591385600158            2546.49892674665              0.037292416447826895          0.006249944774873055          
85500.0                       297.73124738593754            -349.1844160836143            1.8857516551707265            -351.070167738785             2546.49892674665              0.03164805328274423           0.005455271078159503          
85750.0                       309.72477538717726            -349.1640804766445            1.9617155168018066            -351.1257959934463            2546.49892674665              0.03147250318952069           0.004408554280675225          
86000.0                       306.82439187320057            -349.13001607426384           1.9433452481110578            -351.0733613223749            2546.49892674665              0.03134507968481616           0.0034170744756172803         
86250.0                       274.7873078355576             -349.0656328976971            1.7404307580087928            -350.80606365570594           2546.49892674665              0.03330158025645366           0.0021390546706729894         
86500.0                       412.36338406799166            -348.70646959417894           2.611801552122693             -351.31827114630164           2546.49892674665              0.03914078623658165           0.0009389486614943687         
86750.0                       278.8585786787187             -349.3731946558032            1.7662171200334256            -351.13941177583666           2546.49892674665              0.032099804073465237          0.0037741496196235774         
87000.0                       284.46327642799935            -349.05426339203814           1.8017158060135956            -350.8559791980517            2546.49892674665              0.03252490324945203           0.004243850068822623          
87250.0                       260.9895687080099             -349.02313386573815           1.6530394961717059            -350.67617336190983           2546.49892674665              0.03295911279603726           0.005178474958052623          
87500.0                       273.73843758908174            -349.30593988136155           1.7337874888836435            -351.0397273702452            2546.49892674665              0.029990460992742118          0.0027416849897246034         
87750.0                       328.1599851367379             -349.0103256758871            2.078479301603977             -351.08880497749107           2546.49892674665              0.031246915573314816          0.003258966309207111          
88000.0                       311.08737871956737            -348.86881866505763           1.9703458890316483            -350.8391645540893            2546.49892674665              0.027357786123988505          0.006313022265755871          
88250.0                       335.32319827098735            -348.5566220698678            2.123849215386462             -350.68047128525427           2546.49892674665              0.03973583090710722           0.004498344122945734          
88500.0                       357.25612903217547            -348.6008009473987            2.262766647966328             -350.863567595365             2546.49892674665              0.032625837774425896          0.005611428325610192          
88750.0                       349.917396060993              -348.5846739849682            2.2162850375583876            -350.8009590225266            2546.49892674665              0.036732368431134886          0.00712909924172045           
89000.0                       296.16948914735985            -349.0310140621882            1.8758598879839359            -350.90687395017216           2546.49892674665              0.038275009117184754          0.006275436044442126          
89250.0                       331.0430198690752             -348.75887960868965           2.0967396876607096            -350.85561929635037           2546.49892674665              0.03330939467003512           0.006013409518910659          
89500.0                       295.34430401737194            -349.16173523011844           1.8706333817359038            -351.03236861185434           2546.49892674665              0.04053801622087148           0.0016076406200757727         
89750.0                       295.6401296987857             -349.0107329214796            1.8725070640358503            -350.88323998551544           2546.49892674665              0.03923753606862766           0.002273235086378145          
90000.0                       277.9385339699852             -348.9639334913754            1.7603897980860042            -350.72432328946144           2546.49892674665              0.03362440219528401           0.0006096324596078772         
90250.0                       269.63813358073304            -348.82310674688745           1.7078172384032704            -350.5309239852907            2546.49892674665              0.03609730978287803           0.0015871642245462328         
90500.0                       322.6916049425538             -349.06572501868766           2.0438440152750337            -351.1095690339627            2546.49892674665              0.031128256841516252          0.0032498030356737256         
90750.0                       252.3295994544421             -349.3223233729219            1.5981895215821242            -350.92051289450404           2546.49892674665              0.03706256858092135           0.004275004965803184          
91000.0                       321.7849456597476             -348.8000865330149            2.0381014731057485            -350.8381880061207            2546.49892674665              0.031806883016429845          0.005187849520214456          
91250.0                       293.1735637948687             -348.8813222201038            1.8568844823393116            -350.7382067024431            2546.49892674665              0.03391096753223237           0.004877516312302981          
91500.0                       292.80471390035007            -348.89070708308486           1.8545482838206644            -350.74525536690555           2546.49892674665              0.037524607772449335          0.0052348921270236335         
91750.0                       254.2049652213659             -349.1879098916707            1.6100675966248923            -350.7979774882956            2546.49892674665              0.02987217184471167           0.006153601831385477          
92000.0                       310.0200871922903             -349.2018079171942            1.9635859443440038            -351.1653938615382            2546.49892674665              0.03466486179394315           0.00454456830080997           
92250.0                       269.7237839078685             -349.401760339089             1.7083597251176468            -351.1101200642066            2546.49892674665              0.03770074944917316           0.003625970386655892          
92500.0                       299.20695468289745            -349.5805974845442            1.8950983982560514            -351.47569588280027           2546.49892674665              0.03413166865153179           0.0027420027233255443         
92750.0                       274.0775494464963             -349.1720874755067            1.7359353344726505            -350.90802280997934           2546.49892674665              0.03179294311405973           0.0048569022070862914         
93000.0                       300.13102305049244            -348.6940402383925            1.9009512050036896            -350.5949914433962            2546.49892674665              0.03300393065079731           0.0036423732502547466         
93250.0                       272.75308040707296            -349.03836146998214           1.7275464948555668            -350.7659079648377            2546.49892674665              0.034145834450543665          0.0037083168450370214         
93500.0                       227.013459593598              -349.31781415298485           1.437843729649721             -350.7556578826346            2546.49892674665              0.03194366734543837           0.003980057382219449          
93750.0                       281.3930886977208             -349.3324169070651            1.782270041939821             -351.1146869490049            2546.49892674665              0.037571838008281816          0.0038096539402599212         
94000.0                       244.62377816185733            -349.4206984022446            1.549382869997767             -350.9700812722424            2546.49892674665              0.029602041001168904          0.004119127258594907          
94250.0                       228.30720011813432            -349.5536735760521            1.4460379429105932            -350.9997115189627            2546.49892674665              0.03539521712462186           0.0038659220746020805         
94500.0                       317.9950761899847             -349.1050826669164            2.0140974335961754            -351.1191801005126            2546.49892674665              0.029313301872379936          0.004129594514291448          
94750.0                       365.2231031074865             -349.1099569690517            2.313227372801654             -351.42318434185336           2546.49892674665              0.028040111524471164          0.003743040690360936          
95000.0                       289.54482266495853            -349.1764806739325            1.8339009874861698            -351.01038166141865           2546.49892674665              0.03099399634357955           0.004599775955214739          
95250.0                       326.9777027165371             -348.7832081925905            2.0709910347514127            -350.8541992273419            2546.49892674665              0.026673491805432905          0.00576284603668071           
95500.0                       353.9847846066128             -349.04223888991004           2.2420468101283406            -351.28428570003837           2546.49892674665              0.028703270363440298          0.004254340411457667          
95750.0                       316.82175696816194            -348.9788846955704            2.0066659372919675            -350.9855506328624            2546.49892674665              0.03189084720130115           0.0026145692029853414         
96000.0                       291.43742880012104            -348.9797611406718            1.8458882585009004            -350.82564939917273           2546.49892674665              0.031711236769737805          0.003000228883218445          
96250.0                       293.09644303858056            -349.20485634347017           1.8563960196902103            -351.0612523631604            2546.49892674665              0.031817493526800016          0.003556777119624139          
96500.0                       276.19553778193966            -349.33627702779603           1.7493501172482635            -351.08562714504427           2546.49892674665              0.03470936611349079           0.0034868899002835243         
96750.0                       301.20187584449025            -348.8980909502594            1.9077337058209716            -350.8058246560804            2546.49892674665              0.02663897054429431           0.005696797693108419          
97000.0                       316.6690114423474             -348.71587712764693           2.0056984871816628            -350.7215756148286            2546.49892674665              0.03707350448241362           0.004781895788045113          
97250.0                       303.2528835864751             -349.174628665241             1.9207242510800735            -351.0953529163211            2546.49892674665              0.03327544640601958           0.005538810478349146          
97500.0                       317.9175434147342             -349.10101402907804           2.013606361326999             -351.11462039040504           2546.49892674665              0.04144449320458513           0.006991481556837529          
97750.0                       231.90841608107448            -349.7847564540774            1.4688471005733048            -351.25360355465074           2546.49892674665              0.03379450040087903           0.006373247675574535          
98000.0                       247.97291902846015            -349.379713001035             1.5705954500949089            -350.9503084511299            2546.49892674665              0.029827135867678198          0.005966392726807882          
98250.0                       256.9067052840139             -349.6808625424069            1.6271797097796643            -351.30804225218657           2546.49892674665              0.03415434698001759           0.00507874353422331           
98500.0                       258.3995362363679             -349.6589713068113            1.636634909608396             -351.2956062164197            2546.49892674665              0.03256617285813632           0.004723025107281297          
98750.0                       309.12959248518666            -349.1756347205072            1.957945784358832             -351.1335805048661            2546.49892674665              0.02777080182857465           0.004730352215315514          
99000.0                       335.5802633356122             -348.88335206136014           2.125477398102784             -351.0088294594629            2546.49892674665              0.03174018938008422           0.002639691587354919          
99250.0                       258.56247474685415            -349.02259590056974           1.637666919410989             -350.66026281998074           2546.49892674665              0.022941479725539067          0.003716113917398699          
99500.0                       248.45653900398366            -349.1664892252287            1.5736585722136798            -350.7401477974424            2546.49892674665              0.03369510465471874           0.005273097183633546          
99750.0                       291.7308390641038             -349.4661786619495            1.8477466421801665            -351.31392530412967           2546.49892674665              0.03594733905270501           0.004318885694878838          
100000.0                      285.5286124774729             -349.02290613547865           1.8084633652175635            -350.8313695006962            2546.49892674665              0.030118995172764278          0.004863523354233386          
