CMo16S32_d4bbe1
time                          T                             E_tot                         E_kin                         E_pot                         V                             MSD                           P_internal                    
0                             299.99999999999994            -344.5488650306413            1.900121339356395             -346.4489863699977            2546.49892674665              0.0                           0.017471269418179322          
250.0                         331.69881310308284            -348.2737031071408            2.1008933100545213            -350.37459641719533           2546.49892674665              0.005322650789045828          0.008835241544054932          
500.0                         295.03009117702965            -347.9550572232577            1.8686432399924569            -349.8237004632502            2546.49892674665              0.012775073124206348          0.007267259142699461          
750.0                         310.04313509003947            -348.61976326328124           1.9637319236851387            -350.5834951869664            2546.49892674665              0.016831336146892428          0.007081895136933087          
1000.0                        261.02418031995194            -349.14049420881184           1.6532587170465078            -350.79375292585837           2546.49892674665              0.03512947864172122           0.004561538482775342          
1250.0                        337.14292201915106            -349.1422548253075            2.1353748684718603            -351.2776296937793            2546.49892674665              0.035286051911466214          0.004755636750129397          
1500.0                        376.03728778265526            -348.61909871688107           2.3817215830317506            -351.00082029991285           2546.49892674665              0.03307531016806903           0.003895760714209393          
1750.0                        303.10197676962815            -349.17572186054986           1.9197684468702563            -351.0954903074201            2546.49892674665              0.03385356190554851           0.003721411316087249          
2000.0                        309.3510858637256             -349.15398457930525           1.9593486653424586            -351.1133332446477            2546.49892674665              0.03237463814094766           0.005476500189916865          
2250.0                        370.89993998256875            -348.39521978617546           2.3491829690896173            -350.74440275526507           2546.49892674665              0.028685709157070242          0.00431432746840315           
2500.0                        293.96243103263134            -348.95134312559304           1.8618809605806184            -350.81322408617365           2546.49892674665              0.030174231911506075          0.006289244627710982          
2750.0                        355.9611581307616             -348.47177871463623           2.254564641820921             -350.72634335645716           2546.49892674665              0.033365589610087315          0.004212772537384726          
3000.0                        298.017206933836              -348.6976312247849            1.8875628479679085            -350.5851940727528            2546.49892674665              0.03445443843368767           0.006887069617437641          
3250.0                        282.1388160122094             -349.4611810372181            1.7869932832184898            -351.2481743204366            2546.49892674665              0.03370761483208559           0.003693420869053266          
3500.0                        334.7600019348047             -348.7359140524004            2.1202820774643687            -350.85619612986477           2546.49892674665              0.030244444947300053          0.005200952846454779          
3750.0                        312.48539997029565            -349.1324278802089            1.9792005890695903            -351.1116284692785            2546.49892674665              0.02852921288938422           0.0049676177441692814         
4000.0                        291.84977247362787            -349.0655001613473            1.8484999352114966            -350.9140000965588            2546.49892674665              0.03014069026400923           0.005820232342964661          
4250.0                        296.95052906693263            -349.22081353923966           1.8808067900441676            -351.10162032928383           2546.49892674665              0.03357511384737474           0.002673943182441818          
4500.0                        301.4643106209965             -348.83521313772025           1.9093958988844009            -350.74460903660463           2546.49892674665              0.03252891334206138           0.002303326224959053          
4750.0                        356.49826586063153            -348.6434355585748            2.2579665413511183            -350.9014020999259            2546.49892674665              0.03126411463525251           0.0041767973634665055         
5000.0                        271.57257829605675            -349.07319659473774           1.7200695040145761            -350.7932660987523            2546.49892674665              0.0392387699514098            0.0048547591924698805         
5250.0                        325.012305910701              -348.8024758378484            2.0585427267145056            -350.8610185645629            2546.49892674665              0.03986929282756522           0.0029242910093379565         
5500.0                        334.383003938668              -348.9308584227196            2.1178942710065223            -351.04875269372616           2546.49892674665              0.02823709393176475           0.004526211904061347          
5750.0                        228.23337934632468            -349.3889519530187            1.4455703814979157            -350.83452233451663           2546.49892674665              0.03402913755139087           0.002932393600843394          
6000.0                        298.62365245452025            -348.8367550940634            1.8914039148846058            -350.728159008948             2546.49892674665              0.037056344392413856          0.003375535373689524          
6250.0                        292.2017792169293             -348.92938556439935           1.8507294536266448            -350.780115018026             2546.49892674665              0.03876530581311289           0.0054946397682530046         
6500.0                        303.0991542661931             -348.90128291318086           1.919750569873565             -350.8210334830544            2546.49892674665              0.0340120428394427            0.005039653502655023          
6750.0                        296.26513089619937            -348.70031126302104           1.8764656577436138            -350.57677692076464           2546.49892674665              0.03443359186469181           0.003933405033086313          
7000.0                        238.34800480252764            -349.20878671821254           1.5096337670610112            -350.71842048527355           2546.49892674665              0.03658357566186583           0.00411988498931716           
7250.0                        295.16743280496263            -348.82241561445386           1.8695131258525146            -350.69192874030637           2546.49892674665              0.03635453740014397           0.0036875176829149164         
7500.0                        290.8011401871771             -348.86785046514314           1.841858173262753             -350.7097086384059            2546.49892674665              0.02729943757085454           0.0033913763117207284         
7750.0                        284.0474813781813             -349.1401490764761            1.799082269190402             -350.93923134566654           2546.49892674665              0.038346519846663235          0.006483915733445443          
8000.0                        330.2263963601355             -348.99876607675486           2.091567408475522             -351.09033348523036           2546.49892674665              0.033640366962458576          0.005813503582144284          
8250.0                        246.1170157150187             -348.953576016769             1.5588406451294012            -350.5124166618984            2546.49892674665              0.03437909367633377           0.0019436438829135427         
8500.0                        285.5587998191361             -349.38458038819016           1.8086545639244722            -351.1932349521146            2546.49892674665              0.03312193063172118           0.0038093686838600606         
8750.0                        303.8015395019297             -349.42724720042077           1.9241992937898051            -351.35144649421056           2546.49892674665              0.02922111945432818           0.0032577041448732078         
9000.0                        313.15247312655674            -348.8312029727964            1.9834256555333352            -350.81462862832973           2546.49892674665              0.029930453066011904          0.005789556621089695          
9250.0                        303.4868626424419             -349.1308938045011            1.9222062130707571            -351.05310001757186           2546.49892674665              0.03726103230140319           0.005145130165156188          
9500.0                        332.3415740506085             -348.7911958086406            2.1049643893628494            -350.8961601980035            2546.49892674665              0.026312394707294844          0.005894096560261117          
9750.0                        294.6069440549203             -349.0016078274869            1.8659631370710992            -350.867570964558             2546.49892674665              0.02779641789555698           0.0033297249679056264         
10000.0                       315.363473242781              -349.0207426697741            1.9974295505405262            -351.0181722203146            2546.49892674665              0.03692924768037716           0.0056309596435491            
10250.0                       355.0294663512187             -348.66211348168844           2.2486635503808796            -350.9107770320693            2546.49892674665              0.03536845369555312           0.0019180443831088862         
10500.0                       308.3624468174595             -349.06088807793725           1.9530868848466878            -351.01397496278395           2546.49892674665              0.036943073249451994          0.002130713226882051          
10750.0                       247.58109754823934            -349.4225081251385            1.568113755575623             -350.9906218807141            2546.49892674665              0.038267069437413946          0.0041643091388492235         
11000.0                       325.46365645050753            -348.91797716722425           2.0614014626885604            -350.9793786299128            2546.49892674665              0.029990089295241742          0.004456663948939415          
11250.0                       277.0096760060727             -348.8086300822678            1.7545066552911333            -350.563136737559             2546.49892674665              0.03441432819576447           0.001257993724345069          
11500.0                       269.26916044655053            -349.5777691197318            1.7054802593169056            -351.2832493790487            2546.49892674665              0.031146339688475213          0.0036550372677421616         
11750.0                       323.4299925247749             -348.9447367383832            2.048520768614014             -350.9932575069972            2546.49892674665              0.03290590314513987           0.005168123283814749          
12000.0                       308.3519774240035             -348.52149658754564           1.953020574453635             -350.4745171619993            2546.49892674665              0.03062345682449667           0.004368707283700798          
12250.0                       284.4096231518334             -348.88244116537203           1.8013759802303644            -350.6838171456024            2546.49892674665              0.030497101971915876          0.005176931398640836          
12500.0                       309.72169687886253            -349.08006459484403           1.9616960183373326            -351.04176061318134           2546.49892674665              0.03206897239006143           0.0037527482425974558         
