CMo16S32_5e324f
time                          T                             E_tot                         E_kin                         E_pot                         V                             MSD                           P_internal                    
0                             300.00000000000006            -344.5488650306413            1.9001213393563956            -346.4489863699977            2546.49892674665              0.0                           0.01747126941817932           
250.0                         245.0784213445225             -348.369743615                1.5522624607083502            -349.92200607570834           2546.49892674665              0.008514269571925663          0.007151864754493228          
500.0                         314.9633870175673             -348.2379431583217            1.9948955092934888            -350.23283866761517           2546.49892674665              0.018311074747864958          0.007798967243723653          
750.0                         340.13232445969174            -348.8261772048069            2.1543089597025116            -350.98048616450944           2546.49892674665              0.0245660763067566            0.0034264778165432734         
1000.0                        293.2020388816346             -349.15465831588614           1.8570648360726583            -351.0117231519588            2546.49892674665              0.029468479344653693          0.004842550205334895          
1250.0                        349.9713798721783             -348.98373072633547           2.2166269568637644            -351.20035768319923           2546.49892674665              0.032461587566539             0.005456585243886532          
1500.0                        266.7597160915989             -349.07781968566024           1.6895860967543352            -350.7674057824146            2546.49892674665              0.03301215688109776           0.004180895074821437          
1750.0                        267.9243095511244             -348.6962449724911            1.6969623263680667            -350.3932072988592            2546.49892674665              0.03228821414883257           0.0074752907816901205         
2000.0                        324.8422866509949             -348.94846140730687           2.0574658693029417            -351.0059272766098            2546.49892674665              0.03275202201362923           0.003883570671346292          
2250.0                        315.7450620671065             -348.7010125320638            1.9998464341003952            -350.7008589661642            2546.49892674665              0.030957247626620134          0.00521458680940089           
2500.0                        315.15410710210426            -348.81619682198584           1.9961034803017306            -350.81230030228755           2546.49892674665              0.030887865634719437          0.0048065445698602695         
2750.0                        337.3370847709899             -348.9334333050206            2.1366046444321176            -351.07003794945274           2546.49892674665              0.0339432493961096            0.00675748536297037           
3000.0                        349.4558191727798             -348.5588500925714            2.2133615305748955            -350.7722116231463            2546.49892674665              0.035376709342641456          0.005979728587389888          
3250.0                        336.8441956951016             -348.51799645369755           2.1334828142620137            -350.6514792679596            2546.49892674665              0.03914913825949349           0.0027219040804231675         
3500.0                        272.50105419667926            -349.1321987488321            1.7259502269207463            -350.85814897575284           2546.49892674665              0.03454529219111669           0.003151149322979807          
3750.0                        255.36399733984962            -349.5256005644706            1.6174086021626601            -351.14300916663325           2546.49892674665              0.033864811740201076          0.003236505570505165          
4000.0                        328.83613436970217            -349.0088015169261            2.0827618535577934            -351.09156337048387           2546.49892674665              0.032894542002660856          0.0029075422408441636         
4250.0                        295.1952212908406             -348.8666332349736            1.8696891308358652            -350.7363223658095            2546.49892674665              0.03442626262285565           0.004861545658566704          
4500.0                        346.91587175338935            -348.6321718057161            2.197274169600139             -350.8294459753162            2546.49892674665              0.03511932645852724           0.004690623217751542          
4750.0                        317.2711898595074             -348.44245967432187           2.0095125273834813            -350.45197220170536           2546.49892674665              0.036356643388247914          0.002771940641578903          
5000.0                        314.6328131755375             -348.9443724776132            1.9928017412552428            -350.9371742188684            2546.49892674665              0.03293859566781617           0.003178509357281941          
5250.0                        327.8980814126256             -349.0615249114619            2.076820472087168             -351.13834538354905           2546.49892674665              0.03632045435621373           0.004361043830976922          
5500.0                        296.9890672973019             -348.74790296849255           1.8810508810905198            -350.62895384958307           2546.49892674665              0.03273247935519396           0.00818554547984893           
5750.0                        363.01802640774764            -349.1535105332863            2.299260995161349             -351.45277152844767           2546.49892674665              0.02947380032770499           0.005764734661890492          
6000.0                        292.3041106181374             -349.2332933233288            1.8513775938903836            -351.08467091721917           2546.49892674665              0.037617433931681134          0.003145973706658143          
6250.0                        320.57320094076323            -349.37311907232294           2.0304265997777664            -351.4035456721007            2546.49892674665              0.035330415950569516          0.005510178262849994          
6500.0                        300.4641777398677             -348.77058252841266           1.9030613194523183            -350.673643847865             2546.49892674665              0.03646787292648025           0.003459930669185636          
6750.0                        258.13199707740506            -349.36319971622663           1.6349403867248666            -350.9981401029515            2546.49892674665              0.0342238816949274            0.004735331307855737          
7000.0                        321.6782760381735             -349.03144673910464           2.0374258556917018            -351.06887259479635           2546.49892674665              0.03439948172534009           0.005032862321208229          
7250.0                        231.78382012335499            -349.4907839102189            1.468057942446437             -350.95884185266533           2546.49892674665              0.03645016596088097           0.0034331877391269375         
7500.0                        293.2036895230964             -349.01035904010075           1.8570752908028754            -350.8674343309036            2546.49892674665              0.030260503898617775          0.005960710764969734          
7750.0                        300.7588349242003             -348.71031608702884           1.904927600798135             -350.615243687827             2546.49892674665              0.03184869596611467           0.00393037892519038           
8000.0                        298.66854678249706            -348.96191179454024           1.8916882637866217            -350.8536000583269            2546.49892674665              0.032200985378843805          0.0041716018004221            
8250.0                        272.90783548951407            -349.43107033682355           1.7285266729706343            -351.1595970097942            2546.49892674665              0.03254689353980922           0.0022781343059431153         
8500.0                        264.046344273185              -349.69657427213355           1.6724003111084138            -351.36897458324194           2546.49892674665              0.030901120222181132          0.003247611831404363          
8750.0                        308.22177591462594            -349.11433119160364           1.9521959122323527            -351.066527103836             2546.49892674665              0.030070399424880916          0.0031401202416965535         
9000.0                        389.34928479912577            -348.33842898838157           2.4660362816998984            -350.80446527008144           2546.49892674665              0.03594314674222846           0.0048946289832405105         
9250.0                        288.40181648177946            -349.21280072299584           1.826661486020587             -351.03946220901645           2546.49892674665              0.03072052781585716           0.005716281348377615          
9500.0                        300.8736305002802             -349.2788097072936            1.905654685877379             -351.18446439317097           2546.49892674665              0.03114696294243302           0.0032375684356654374         
9750.0                        304.938819883836              -349.1118254974881            1.9314025295314434            -351.04322802701955           2546.49892674665              0.04332195525251518           0.004051689664028787          
10000.0                       275.1147169913808             -348.96811712167823           1.742504481754394             -350.7106216034326            2546.49892674665              0.041771442234945666          0.002857335293991771          
10250.0                       344.6246785183146             -348.3909158328816            2.182762352404957             -350.57367818528655           2546.49892674665              0.03426640860083928           0.005512380128638175          
10500.0                       305.88915873694737            -348.82921695356316           1.9374217266461649            -350.7666386802093            2546.49892674665              0.03489878478926532           0.0022860680302108356         
10750.0                       306.08263463849136            -348.7948840277684            1.9386471522767479            -350.73353118004513           2546.49892674665              0.0283886362778111            0.003842449253924015          
11000.0                       320.00409608079104            -348.5701906601021            2.026822038815218             -350.59701269891735           2546.49892674665              0.04113804977584417           0.0027328349706727557         
11250.0                       328.76885496595435            -349.0491777501303            2.082335723455259             -351.1315134735855            2546.49892674665              0.03506376884148458           0.002830772994203874          
11500.0                       274.2929252914603             -349.5795802246764            1.737299468602644             -351.3168796932791            2546.49892674665              0.03483232548538335           0.0033619152960924262         
11750.0                       332.7050522178548             -349.0469516556736            2.1072665647694326            -351.154218220443             2546.49892674665              0.03470663642722904           0.0034396000763329323         
12000.0                       328.86511609138057            -348.8673836350652            2.082945416183835             -350.95032905124907           2546.49892674665              0.03775990463815883           0.005100305958787525          
12250.0                       257.73898849380925            -349.5336008450692            1.6324511734040648            -351.1660520184733            2546.49892674665              0.03491711248868206           0.004986489023416018          
12500.0                       273.6229613651597             -349.24873823996313           1.733056092759435             -350.9817943327226            2546.49892674665              0.03569913781519648           0.004994161258214725          
