CMo16S32_bc5e5c
time                          T                             E_tot                         E_kin                         E_pot                         V                             MSD                           P_internal                    
0                             299.99999999999994            -344.5488650306413            1.9001213393563952            -346.4489863699977            2546.49892674665              0.0                           0.01747126941817931           
250.0                         403.3279148596618             -346.88010215225677           2.5545732592765424            -349.4346754115333            2546.49892674665              0.020084396618249026          0.00602519739970241           
500.0                         331.2755705912503             -347.9372884278276            2.0982126029596686            -350.03550103078726           2546.49892674665              0.01595234144039222           0.006900492818888601          
750.0                         324.30233612447694            -348.3017410446814            2.0540459642441635            -350.3557870089256            2546.49892674665              0.018064726722632492          0.007826008313143113          
1000.0                        256.661562526859              -348.5398788290348            1.6256270398328014            -350.1655058688676            2546.49892674665              0.022682612684410255          0.005295539542871313          
1250.0                        290.52390313712885            -348.0475505531635            1.8401022264798965            -349.88765277964336           2546.49892674665              0.02283773988654213           0.008051234375507652          
1500.0                        318.61146500891533            -348.64386900920545           2.0180014787568115            -350.66187048796223           2546.49892674665              0.019414589485201396          0.00818222333974749           
1750.0                        374.25817666810366            -348.3982682489195            2.370453159718932             -350.76872140863844           2546.49892674665              0.022037561540048663          0.006362216428605558          
2000.0                        261.30877156546865            -348.61903818423485           1.6550612433751755            -350.27409942761005           2546.49892674665              0.025523760807968074          0.006905440505183581          
2250.0                        321.38413567616834            -348.31385153789796           2.035562847762995             -350.34941438566096           2546.49892674665              0.024851048347982078          0.007800735415734422          
2500.0                        309.6374889540969             -348.1550206033054            1.9611626674213658            -350.11618327072676           2546.49892674665              0.02091304501049599           0.007112330951441707          
2750.0                        276.5068205908458             -348.5272958336449            1.7513217009408548            -350.2786175345858            2546.49892674665              0.02240141657903805           0.006259655575801813          
3000.0                        331.2046273511529             -348.60016523972496           2.0977632670783617            -350.6979285068033            2546.49892674665              0.02326153362515177           0.0027654584712789865         
3250.0                        301.0715831719368             -348.3584173297668            1.9069084661960365            -350.26532579596284           2546.49892674665              0.026695228673683697          0.005536221412944557          
3500.0                        328.9126240223678             -348.3573240054568            2.083246318962027             -350.44057032441884           2546.49892674665              0.01774396235450824           0.007413662321119647          
3750.0                        280.8030735875155             -349.0281262490935            1.778533040935008             -350.8066592900285            2546.49892674665              0.019925255628858433          0.005215969530352242          
4000.0                        277.18784224257803            -348.70606818222177           1.7556351135175885            -350.46170329573937           2546.49892674665              0.021559715491360994          0.007452657690450569          
4250.0                        354.7209100836438             -348.09582368644425           2.2467092358861755            -350.3425329223304            2546.49892674665              0.025638729690545547          0.006639087978482748          
4500.0                        305.52077814586085            -348.34778317835446           1.9350885005724041            -350.2828716789269            2546.49892674665              0.022217546614357302          0.005867049670491909          
4750.0                        297.77450289316386            -348.443974412211             1.8860256242118112            -350.3300000364228            2546.49892674665              0.0254232288152943            0.005334954828230015          
5000.0                        292.4512928144744             -348.5254858072053            1.8523098073304949            -350.3777956145358            2546.49892674665              0.027047309680290225          0.0052368796308116675         
5250.0                        307.5064747066932             -348.4056928397598            1.947665381934818             -350.35335822169463           2546.49892674665              0.02573190970191086           0.005964959005576728          
5500.0                        276.6638948584472             -348.7595781228486            1.752316568166632             -350.51189469101524           2546.49892674665              0.020594605357255175          0.00504659927684909           
5750.0                        314.35075527255117            -348.1076863111374            1.9910152604539146            -350.09870157159133           2546.49892674665              0.019519729509834213          0.007217714296165918          
6000.0                        343.74266381100415            -348.3190360944502            2.177175902515001             -350.4962119969652            2546.49892674665              0.026085798266516046          0.004338906050349828          
6250.0                        274.656080235033              -348.73607967592176           1.7395995967952282            -350.475679272717             2546.49892674665              0.026380129939557913          0.007729506365823815          
6500.0                        244.7221712410977             -348.99248598250284           1.550006065962799             -350.54249204846565           2546.49892674665              0.021145082957375345          0.0058139929957412816         
6750.0                        291.5446000608165             -348.306530306062             1.8465670531656109            -350.15309735922756           2546.49892674665              0.028859969938949136          0.006505984863900009          
7000.0                        306.5061469012925             -348.56910659455195           1.9413295679035063            -350.51043616245545           2546.49892674665              0.026212691325846204          0.005508809948930445          
7250.0                        309.6867350436831             -348.53935406383306           1.961474579240374             -350.5008286430734            2546.49892674665              0.02569682676281776           0.0046414858536266675         
7500.0                        274.2207430423612             -348.9594644355553            1.736842285163191             -350.69630672071844           2546.49892674665              0.020140714322234292          0.002269188459894825          
7750.0                        248.23759236862944            -348.674628363407             1.5722718216336236            -350.24690018504066           2546.49892674665              0.02579322459635927           0.0044531896885521205         
8000.0                        278.37617093483505            -348.52836531990266           1.763161675872012             -350.2915269957747            2546.49892674665              0.02390378546830519           0.004149207383484161          
8250.0                        262.6023581313701             -348.94529771244373           1.6632544815024226            -350.60855219394614           2546.49892674665              0.021679134301048196          0.005671476058099642          
8500.0                        326.4965174069802             -348.30471715754817           2.0679433331684995            -350.37266049071667           2546.49892674665              0.023879978076513996          0.007616131708555123          
8750.0                        293.3861859558465             -348.758291511452             1.8582311753569583            -350.61652268680893           2546.49892674665              0.024550872743071172          0.006191816585849615          
9000.0                        289.0299642950549             -348.44527887289496           1.8306400095681696            -350.27591888246315           2546.49892674665              0.02175873258080671           0.0063047824116058485         
9250.0                        370.9434888696095             -348.261030231014             2.349458796321522             -350.6104890273355            2546.49892674665              0.021748552106476304          0.006954672658763077          
9500.0                        243.907427007123              -348.5901940862027            1.5448456896124894            -350.1350397758152            2546.49892674665              0.022650704053660684          0.005788881520337071          
9750.0                        269.4113719903373             -348.46326351599646           1.7063809899470792            -350.16964450594355           2546.49892674665              0.02298587033090629           0.0032644716837428507         
10000.0                       288.6297328523097             -348.2952585037686            1.8281050485513641            -350.12336355232              2546.49892674665              0.023008117836374607          0.006075701375908114          
10250.0                       327.61938436514436            -348.62747839864846           2.075055278063386             -350.7025336767118            2546.49892674665              0.02121110580829661           0.005266911744388765          
10500.0                       304.0552374624039             -348.64805165124847           1.925806150151299             -350.57385780139975           2546.49892674665              0.025058769513629266          0.006260292619910121          
10750.0                       271.5160573776014             -348.82301212366116           1.719711515336986             -350.54272363899815           2546.49892674665              0.024631410825106788          0.004197327068943729          
11000.0                       275.5144053228936             -348.55406733441674           1.745036002847058             -350.2991033372638            2546.49892674665              0.02324186101660268           0.005145315870084904          
11250.0                       302.4692185512873             -348.2646475694659            1.915760722225848             -350.1804082916918            2546.49892674665              0.02397599103353443           0.00557647905255471           
11500.0                       376.3993888447594             -347.76887206444445           2.384015036215443             -350.1528871006599            2546.49892674665              0.023344030397040284          0.0044030567357063845         
11750.0                       345.0278911962503             -348.2803368757834            2.1853161957837726            -350.4656530715672            2546.49892674665              0.04022204349857431           0.004369528581651293          
12000.0                       310.33773730247736            -348.92937991304893           1.965597856853388             -350.8949777699023            2546.49892674665              0.03397895816470493           0.005561270134359618          
12250.0                       288.1649189836706             -348.86110409015623           1.8251610393825979            -350.6862651295388            2546.49892674665              0.030064797174442888          0.0036709450252996657         
12500.0                       259.0124028001657             -348.90589913184465           1.6405166457285636            -350.5464157775732            2546.49892674665              0.03549584990497591           0.00477168726738367           
