CMo16S32_e595bb
time                          T                             E_tot                         E_kin                         E_pot                         V                             MSD                           P_internal                    
0                             300.00000000000006            -344.5488650306413            1.9001213393563956            -346.4489863699977            2546.49892674665              0.0                           0.017471269418179326          
250.0                         536.6967409861572             -346.1900261872273            3.3992964343694316            -349.58932262159675           2546.49892674665              0.06387540707313326           0.002465158494480995          
500.0                         368.4408571982486             -347.1343029930953            2.333607783510515             -349.4679107766058            2546.49892674665              0.04195895849342899           0.0020127847568415227         
750.0                         280.4799952378919             -348.42316962045226           1.7764867473803283            -350.1996563678326            2546.49892674665              0.03653531566054335           0.0028886568010435625         
1000.0                        288.22411964863454            -348.66860047263316           1.825536000871938             -350.4941364735051            2546.49892674665              0.04120666245896009           0.0017894538610452513         
1250.0                        350.76070536651395            -348.7149753780918            2.221626337582048             -350.9366017156739            2546.49892674665              0.03275455586310246           0.00225464797005129           
1500.0                        328.7918485273887             -348.80137946432654           2.082481358644423             -350.883860822971             2546.49892674665              0.03626762895207977           0.0037241615709976473         
1750.0                        296.13006226605194            -349.01020303838794           1.8756101684555446            -350.88581320684347           2546.49892674665              0.029250899982911183          0.00501021533261719           
2000.0                        290.99937330296643            -349.34875664300387           1.843113729841014             -351.1918703728449            2546.49892674665              0.032325580068128426          0.005264720719371982          
2250.0                        282.37639009957854            -349.3386402359799            1.7884980151954506            -351.1271382511753            2546.49892674665              0.03535027286520375           0.00401906037144627           
2500.0                        298.16118955677274            -348.7340188537245            1.888474796149037             -350.6224936498735            2546.49892674665              0.029898100373753452          0.005854926482750075          
2750.0                        329.2649378407902             -348.5810458796668            2.085477782310475             -350.6665236619773            2546.49892674665              0.03797643477522076           0.0035270151203178816         
3000.0                        328.6193420060385             -348.02434594877394           2.0813887475697705            -350.1057346963437            2546.49892674665              0.0331529697232531            0.0014871896025184519         
3250.0                        339.50778963492667            -348.72730664919413           2.1503533198768205            -350.877659969071             2546.49892674665              0.030133765000481132          0.0023885345574396087         
3500.0                        338.96042202249185            -348.94439153843814           2.146886436940621             -351.0912779753788            2546.49892674665              0.03172100660139024           0.003002528017999717          
3750.0                        320.2693502932554             -348.66521547690706           2.0285020894467434            -350.6937175663538            2546.49892674665              0.040921820223909555          0.003930716669112722          
4000.0                        311.75737015019655            -349.07240199245297           1.9745894390800631            -351.04699143153306           2546.49892674665              0.03763250527693012           0.0028107456247356867         
4250.0                        292.8103117928894             -348.9996509826807            1.8545837394042293            -350.8542347220849            2546.49892674665              0.03496083124791898           0.00434438557846663           
4500.0                        301.932976399924              -349.2332585399483            1.9123643050429548            -351.14562284499124           2546.49892674665              0.03169422911374279           0.0038055015798711244         
4750.0                        270.5660509784611             -349.525131563563             1.7136944238985472            -351.23882598746155           2546.49892674665              0.029053416662140587          0.00432622736122174           
5000.0                        277.6774681307652             -349.261950640551             1.7587362755124076            -351.0206869160634            2546.49892674665              0.03366825589214809           0.004299845521509838          
5250.0                        301.6339177801504             -349.25063218914994           1.9104701461591207            -351.16110233530907           2546.49892674665              0.0328925437112651            0.004099335715638772          
5500.0                        279.6695243523425             -349.10287437620076           1.7713534372984634            -350.8742278134992            2546.49892674665              0.0336577235433934            0.004694560512517568          
5750.0                        341.04669722799963            -348.7631404324116            2.1601003570664723            -350.9232407894781            2546.49892674665              0.033040468695022             0.004162381952265988          
6000.0                        261.613595002576              -349.0442333849764            1.6569919151004542            -350.7012253000768            2546.49892674665              0.035646305402617255          0.004863978438940803          
6250.0                        253.51819148057726            -349.16543681603326           1.6057177518242851            -350.77115456785754           2546.49892674665              0.03344077723683076           0.004341417467074409          
6500.0                        287.5843978746231             -348.92982358525927           1.8214841708917713            -350.75130775615105           2546.49892674665              0.029237210742772378          0.005736795789168872          
6750.0                        288.02404664557963            -349.07614001078844           1.8242687909301587            -350.9004088017186            2546.49892674665              0.03300108347569635           0.005502028967808287          
7000.0                        299.39545787284356            -349.16987037684896           1.896292328035229             -351.06616270488416           2546.49892674665              0.032526376238695164          0.004759412236165356          
7250.0                        271.17146421435575            -349.60356865194905           1.717528952594055             -351.3210976045431            2546.49892674665              0.03316428708467863           0.004031691622632858          
7500.0                        319.00627024473226            -349.3253695132335            2.020502071601696             -351.3458715848352            2546.49892674665              0.033555347633183845          0.0031522975457350354         
7750.0                        308.46361892368196            -349.0345114722702            1.9537276824399579            -350.98823915471013           2546.49892674665              0.03139449067831224           0.004135413406147268          
8000.0                        290.76023019304046            -348.89447924609806           1.8415990600865795            -350.73607830618465           2546.49892674665              0.03608517656290598           0.003287862184451724          
8250.0                        246.11976959004934            -349.0686553514366            1.5588580874517732            -350.62751343888834           2546.49892674665              0.02921516314400065           0.0052086157868602165         
8500.0                        258.97291301944017            -349.1119070934806            1.6402665278117532            -350.7521736212924            2546.49892674665              0.04186198919700033           0.004435021560318149          
8750.0                        316.2282677527339             -349.1061604151523            2.002906932215592             -351.1090673473679            2546.49892674665              0.03133398344206233           0.005846001819854753          
9000.0                        287.2909057985006             -348.8425968633729            1.8196252690358632            -350.6622221324087            2546.49892674665              0.030701920006847606          0.005536547283591194          
9250.0                        322.03831937657986            -348.81341210676106           2.0397062757930318            -350.8531183825541            2546.49892674665              0.031307791744978754          0.006024850077305906          
9500.0                        249.83179471139584            -349.3447058818226            1.5823690812694315            -350.927074963092             2546.49892674665              0.02938454606378026           0.006378418979087343          
9750.0                        335.4580879016453             -348.7927828978807            2.1247035709386988            -350.91748646881945           2546.49892674665              0.03457474285351087           0.004546114608799177          
10000.0                       286.9902530759397             -349.04825521333635           1.8177210135229511            -350.8659762268593            2546.49892674665              0.036321671811206095          0.004059678460765558          
10250.0                       292.2617305602607             -349.37701799860304           1.8511091697159348            -351.22812716831896           2546.49892674665              0.03341067857086126           0.0017391022921335248         
10500.0                       229.05442424992134            -349.40190490088105           1.4507706646375618            -350.8526755655186            2546.49892674665              0.03403382622397552           0.0024471377162940916         
10750.0                       320.73564290945455            -349.1902510843961            2.0314554646148246            -351.22170654901095           2546.49892674665              0.034103445392722725          0.0031622363343974057         
11000.0                       241.6182517892967             -349.0992394304313            1.5303466540094306            -350.6295860844407            2546.49892674665              0.036198508858293156          0.003479774018006594          
11250.0                       267.3767380816786             -349.0575303535984            1.6934941522550107            -350.7510245058534            2546.49892674665              0.025863382229568875          0.0050944379779001145         
11500.0                       295.5935555463309             -349.21318495994575           1.8722120755660443            -351.0853970355118            2546.49892674665              0.029861925134400606          0.0046336976696918575         
11750.0                       282.79211098889476            -349.1655957336594            1.7911310823054705            -350.9567268159649            2546.49892674665              0.03012587507414131           0.00311446643746663           
12000.0                       275.5981237440699             -349.0945866526686            1.7455662533756389            -350.84015290604424           2546.49892674665              0.03167031328632516           0.0035255083903057843         
12250.0                       304.7014872467473             -349.0161246890769            1.9298993268372504            -350.94602401591413           2546.49892674665              0.03722033722451467           0.00510952917504258           
12500.0                       269.25349630171354            -349.16442000852845           1.7053810467306807            -350.86980105525913           2546.49892674665              0.029867437287599313          0.004906635429858129          
12750.0                       387.46907941798474            -348.91242792351306           2.4541275538096357            -351.3665554773227            2546.49892674665              0.03604001601353731           0.0036491332852097006         
13000.0                       383.21743165423703            -348.6381988704293            2.4271987316652224            -351.0653976020945            2546.49892674665              0.03418310724912411           0.0025181937482818546         
13250.0                       306.9279814189152             -348.84183065910577           1.9440013571322132            -350.785832016238             2546.49892674665              0.03728489176617191           0.0029008390077899376         
13500.0                       344.0882190470112             -348.567942089776             2.1793645587745454            -350.74730664855053           2546.49892674665              0.033176677503904566          0.0037143112012509726         
13750.0                       296.1931156571371             -348.84745988604783           1.8760095321019437            -350.72346941814976           2546.49892674665              0.03177574126408945           0.003394433595382183          
14000.0                       279.0698563418132             -348.9169781939224            1.7675552973540096            -350.6845334912764            2546.49892674665              0.03248701270563898           0.0029834268833953937         
14250.0                       315.9672030089684             -348.4049769759779            2.001253416580317             -350.4062303925582            2546.49892674665              0.03818978807122536           0.004245747535516997          
14500.0                       320.76165155214926            -348.89357563538454           2.031620196538131             -350.9251958319227            2546.49892674665              0.031223689319496827          0.006261708520233117          
14750.0                       289.9126049893426             -349.41450901466794           1.836230424295504             -351.2507394389634            2546.49892674665              0.03252018769062391           0.004933034232474576          
15000.0                       290.21151295295783            -348.9731719878863            1.8381236289627336            -350.811295616849             2546.49892674665              0.04207591566474794           0.006048709933021829          
15250.0                       379.83710250928505            -348.56061494755266           2.4057886131906505            -350.9664035607433            2546.49892674665              0.031472329012719354          0.0073233798763418815         
15500.0                       293.4963435729923             -348.71527226314214           1.8589288848203964            -350.5742011479625            2546.49892674665              0.04149898185711965           0.007475659859442138          
15750.0                       374.80496726809866            -348.4072274863501            2.373916388009632             -350.7811438743597            2546.49892674665              0.03586288111281878           0.003998545159882974          
16000.0                       335.9639014628679             -348.56150273684636           2.127907261410082             -350.68940999825645           2546.49892674665              0.034903052540572896          0.0047168979097624054         
16250.0                       288.59579346061565            -348.897719307176             1.8278900853433555            -350.72560939251935           2546.49892674665              0.02858115941175096           0.0056532977177973336         
16500.0                       305.3786215731486             -348.84856283261956           1.9341881181146032            -350.78275095073417           2546.49892674665              0.034786055479854486          0.005570741634944965          
16750.0                       318.46417338783283            -348.7352475743337            2.017068572249054             -350.75231614658276           2546.49892674665              0.03040031629141815           0.00454744552671962           
17000.0                       331.66476991014184            -348.4995165111538            2.1006776893966315            -350.6001942005504            2546.49892674665              0.026868303886578206          0.004351061836871781          
17250.0                       321.9923603511924             -348.7438351415232            2.0394151833767826            -350.7832503249               2546.49892674665              0.032084408450772706          0.003566958083818152          
17500.0                       286.7258956476709             -348.92702075875263           1.8160466428873814            -350.74306740164              2546.49892674665              0.023360607275888234          0.005369790919814983          
17750.0                       277.6200130776128             -349.29135566479516           1.7583723702705785            -351.04972803506575           2546.49892674665              0.027894228471071234          0.006818089072432421          
18000.0                       270.39985427518934            -349.42597722244653           1.7126417775571563            -351.1386190000037            2546.49892674665              0.03241314947595444           0.00669537061094506           
18250.0                       299.9357833871601             -349.2980192027765            1.8997146081684009            -351.1977338109449            2546.49892674665              0.03210985761528043           0.004197734917069026          
18500.0                       236.81616342640785            -349.6802552126844            1.4999314854367636            -351.1801866981212            2546.49892674665              0.029530886606574335          0.00325637685444703           
18750.0                       239.4570877386658             -349.30968676191526           1.516658407574585             -350.82634516948985           2546.49892674665              0.0365138248097414            0.0013056178115667821         
19000.0                       300.9986799727714             -349.2854173704224            1.9064467164478982            -351.1918640868703            2546.49892674665              0.030027653508909135          0.0029902099318767105         
19250.0                       317.8865196873194             -349.1107867368325            2.0134098651720413            -351.12419660200453           2546.49892674665              0.029474882266932477          0.004110513269403469          
19500.0                       314.7328030362974             -348.9707844788105            1.99343505081574              -350.96421952962623           2546.49892674665              0.028743327396665953          0.004835878118774755          
19750.0                       299.2662402190721             -349.1954388373726            1.8954738972973866            -351.09091273467              2546.49892674665              0.03639193230078944           0.004449281007474454          
20000.0                       323.3524692896801             -348.9620702100974            2.048029756769682             -351.0100999668671            2546.49892674665              0.02900310611243647           0.005639725051243191          
20250.0                       345.24749165571313            -348.5480099756806            2.1867070875142987            -350.7347170631949            2546.49892674665              0.03205012817489139           0.007108335103410623          
20500.0                       357.58099680946924            -348.5481763773301            2.2648242752866787            -350.8130006526168            2546.49892674665              0.0336684582171638            0.00674306841177072           
20750.0                       346.09657651071683            -348.586166539952             2.1920849683540213            -350.778251508306             2546.49892674665              0.028033007505535935          0.006301357980873307          
21000.0                       350.8283729991876             -348.59945293318094           2.2220549266248044            -350.82150785980576           2546.49892674665              0.03450267697544765           0.0049686570768606745         
21250.0                       322.59281799719236            -348.5055898151543            2.0432183246652635            -350.5488081398195            2546.49892674665              0.03820635414831487           0.0022794992535116027         
21500.0                       283.92759067092265            -348.90429655339784           1.7983229128862264            -350.7026194662841            2546.49892674665              0.03286236356284181           0.002529140642124118          
21750.0                       324.48022825841724            -348.9979102449454            2.0551726863768423            -351.05308293132225           2546.49892674665              0.033513111337012125          0.0004227605447328301         
22000.0                       284.7671375356156             -348.91344376430357           1.8036403825962022            -350.71708414689977           2546.49892674665              0.0299619061446255            0.0014778264022940338         
22250.0                       265.1884501449978             -349.0629496293598            1.679634110237866             -350.7425837395977            2546.49892674665              0.03031017086474989           0.003942453726004282          
22500.0                       379.0434133775541             -348.712868043256             2.4007615943372596            -351.11362963759325           2546.49892674665              0.0281452493298647            0.004127020580707617          
22750.0                       316.0159014392384             -348.4860139596646            2.0015618596688145            -350.4875758193334            2546.49892674665              0.030645220103696344          0.004045332822483836          
23000.0                       257.40548534531735            -349.09930929078837           1.630338851906758             -350.7296481426951            2546.49892674665              0.030081755548581977          0.0018321400401706998         
23250.0                       360.89308199169903            -348.86431587648565           2.285802154395082             -351.1501180308807            2546.49892674665              0.031278377962616316          0.0010273606930769578         
23500.0                       292.2927925871191             -348.77528553218485           1.851305908449526             -350.6265914406344            2546.49892674665              0.03267604758850872           0.0015259128948656856         
23750.0                       352.3677979580637             -348.764827448116             2.231805240673799             -350.9966326887898            2546.49892674665              0.03317133917717041           0.001787550670785385          
24000.0                       428.4730047768458             -348.42905424804303           2.713835665715465             -351.1428899137585            2546.49892674665              0.0344923602883231            0.0019283371407220733         
24250.0                       300.32422500931847            -348.5630301717108            1.9021748955529256            -350.46520506726375           2546.49892674665              0.03797533341646978           0.0034588028828862927         
24500.0                       344.2235856253992             -348.5826817014117            2.180221935188648             -350.7629036366003            2546.49892674665              0.0367728980505306            0.003954715773206387          
24750.0                       309.0815893805513             -348.73518849923977           1.9576417452805885            -350.69283024452034           2546.49892674665              0.034541826259505456          0.0021627635789461994         
25000.0                       299.2628714906804             -348.9896679766163            1.8954525606550419            -350.88512053727135           2546.49892674665              0.027148732084531904          0.005524302925571545          
25250.0                       337.0766828063717             -349.0650087538741            2.1349553266661796            -351.19996408054027           2546.49892674665              0.02864246121187852           0.004319615417837598          
25500.0                       323.4506492754536             -348.83107531109187           2.0486516030565687            -350.8797269141484            2546.49892674665              0.03520941433071376           0.003537581116949788          
25750.0                       355.50230967744983            -348.64108067547227           2.251658416028693             -350.89273909150097           2546.49892674665              0.035519178849758644          0.002471163470248524          
26000.0                       261.04917437047385            -349.3332306579661            1.65341702280902              -350.98664768077515           2546.49892674665              0.026778390162318342          0.00456071478202499           
26250.0                       312.2365849110308             -349.10535596626613           1.9776246597240488            -351.08298062599016           2546.49892674665              0.03514973089105027           0.003485054902504512          
26500.0                       311.0485281871882             -348.9958227515501            1.9700998199462518            -350.9659225714964            2546.49892674665              0.03465030761045366           0.004213992734422607          
26750.0                       306.0877642459188             -349.1985488341994            1.9386796418651993            -351.1372284760646            2546.49892674665              0.03588472092342698           0.0036364814378475295         
27000.0                       299.0702837205989             -349.15076676065416           1.894232760216272             -351.0449995208704            2546.49892674665              0.03665134191811543           0.005968131743964867          
27250.0                       261.98289037160475            -348.98030633630333           1.6593309351378445            -350.6396372714412            2546.49892674665              0.033754104925262485          0.0048993486554011435         
27500.0                       299.06843875664066            -348.91698346345066           1.8942210746983137            -350.81120453814896           2546.49892674665              0.030928465773098934          0.0029442136977637003         
27750.0                       305.93638433325077            -348.8100430344729            1.937720841190498             -350.74776387566345           2546.49892674665              0.031011358941561692          0.0018237701923822626         
28000.0                       245.6757693055554             -349.1390312417784            1.5560459060676157            -350.695077147846             2546.49892674665              0.03231368318667738           0.0031029466834556966         
28250.0                       334.3604603983939             -348.9143656826738            2.1177514861333906            -351.0321171688072            2546.49892674665              0.031844677404904535          0.004905350447371544          
28500.0                       305.973021693916              -349.14445676376585           1.9379528926265568            -351.08240965639243           2546.49892674665              0.034567750886865124          0.004851086519598755          
28750.0                       337.59442566270957            -349.1942617582205            2.138234574164936             -351.3324963323854            2546.49892674665              0.033836799380395376          0.004843516412416795          
29000.0                       306.2012242232373             -349.01192744904426           1.9393982676120856            -350.95132571665636           2546.49892674665              0.03302159684294959           0.0049683430909190415         
29250.0                       240.12911496340033            -349.221601978301             1.5209148518090736            -350.7425168301101            2546.49892674665              0.030159362504883637          0.004599551270518052          
29500.0                       305.6295725960563             -349.25521932504125           1.9357775760938039            -351.19099690113507           2546.49892674665              0.03681308040785807           0.0026545280530170406         
29750.0                       311.2815667976701             -349.0063167891861            1.9715758254018205            -350.9778926145879            2546.49892674665              0.031326880151674806          0.0021474978740460525         
30000.0                       280.77562967853385            -349.2590711369961            1.77835921841137              -351.0374303554075            2546.49892674665              0.034780391702065296          0.0030830625324094803         
