CMo16S32_523a9c
time                          T                             E_tot                         E_kin                         E_pot                         V                             MSD                           P_internal                    
0                             300.00000000000006            -344.5488650306413            1.9001213393563956            -346.4489863699977            2546.49892674665              0.0                           0.017471269418179315          
250.0                         276.1583702289588             -348.3401839247863            1.7491147077130949            -350.0892986324994            2546.49892674665              0.009176261286967012          0.007737741076564345          
500.0                         373.39415637704553            -348.95750505461797           2.3649806817433436            -351.32248573636133           2546.49892674665              0.02341785446807232           0.005033466974529081          
750.0                         262.1309563935235             -349.24027107681087           1.660268746497449             -350.9005398233083            2546.49892674665              0.029808460416306082          0.004611376870300164          
1000.0                        278.5048458809734             -349.1247591827904            1.7639766692420054            -350.8887358520324            2546.49892674665              0.029791654191593832          0.0058921354733695            
1250.0                        281.8502680772077             -349.55278673174763           1.7851656962560767            -351.3379524280037            2546.49892674665              0.03355071228099721           0.005050600817736458          
1500.0                        312.15033108965014            -348.7786794775559            1.977078350635361             -350.75575782819124           2546.49892674665              0.03682179602242187           0.0037646015130517532         
1750.0                        369.5879752685958             -348.1057682652323            2.3408733285912753            -350.4466415938236            2546.49892674665              0.03739502523645802           0.003365522979023088          
2000.0                        254.5568774022634             -349.3956008636622            1.6122965161065683            -351.0078973797688            2546.49892674665              0.035486083013287616          0.006413342174245765          
2250.0                        327.679515668102              -348.9547523889698            2.075436133969763             -351.03018852293957           2546.49892674665              0.03653174253266739           0.002196935169827556          
2500.0                        347.30499613189517            -348.8444274523575            2.199738781384348             -351.0441662337418            2546.49892674665              0.032429635065681264          0.004888092313048442          
2750.0                        341.01543066460357            -348.9639131135389            2.1599023228520817            -351.123815436391             2546.49892674665              0.03165475714362238           0.004398866102116768          
3000.0                        278.7837883811055             -349.10842988977913           1.7657434178985205            -350.87417330767767           2546.49892674665              0.034771210454181654          0.004575376086061536          
3250.0                        327.6765463538106             -348.9067991841624            2.0754173271116017            -350.98221651127403           2546.49892674665              0.03414290798130324           0.0051202469671329            
3500.0                        326.1844022110178             -348.70081652962443           2.065966477354548             -350.766783006979             2546.49892674665              0.03657516094837762           0.0026861521682148178         
3750.0                        356.5799581961111             -348.8830011933032            2.25848395918414              -351.14148515248735           2546.49892674665              0.0365455991669448            0.002958933748840549          
4000.0                        290.9173602665556             -348.9993710709707            1.842594280772382             -350.8419653517431            2546.49892674665              0.03238937390825564           0.00348019542586276           
4250.0                        265.8189628948284             -348.6955103558363            1.6836276126734977            -350.3791379685098            2546.49892674665              0.039851271549282745          0.005452953119400239          
4500.0                        345.656644019953              -348.71281672792077           2.189298551308766             -350.9021152792295            2546.49892674665              0.03215890760590218           0.003921786439728166          
4750.0                        336.35467980643926            -349.01284228450135           2.130382348975343             -351.1432246334767            2546.49892674665              0.031760911142901874          0.0027937682134313046         
5000.0                        246.02241054464653            -349.5101491443404            1.5582414407859424            -351.06839058512634           2546.49892674665              0.034193958310262076          0.0039152098722275664         
5250.0                        324.6340732380692             -348.91217869736926           2.056147100139474             -350.9683257975087            2546.49892674665              0.03645231842944437           0.003662765247333083          
5500.0                        323.36802900222017            -348.7917479419444            2.048128307909121             -350.8398762498535            2546.49892674665              0.031589810849796764          0.002543404590774787          
5750.0                        290.9018488436811             -348.7624795834135            1.8424960354870232            -350.60497561890054           2546.49892674665              0.03412104862689478           0.0017106713954215186         
6000.0                        269.82921235492006            -349.28896615640105           1.7090274812577064            -350.99799363765874           2546.49892674665              0.03073686086229098           0.0030257657124574864         
6250.0                        322.9846049581002             -349.15529386188246           2.045699800548272             -351.20099366243073           2546.49892674665              0.033884395596027204          0.005962417128173576          
6500.0                        282.4334660152807             -348.7908179507018            1.7888595190800807            -350.57967746978187           2546.49892674665              0.03388219402874619           0.0038514394530313524         
6750.0                        316.7223299557033             -348.7849282755281            2.0060361926650305            -350.7909644681931            2546.49892674665              0.03011070577879766           0.005693798152760848          
7000.0                        280.53898389878543            -349.1718877518763            1.7768603660914746            -350.94874811796774           2546.49892674665              0.035533007174149596          0.004449768490439178          
7250.0                        330.91831892905634            -348.6906081809579            2.0959498646034844            -350.7865580455614            2546.49892674665              0.02717988513076199           0.006083728699563065          
7500.0                        276.4486306232737             -349.12245616188346           1.7509531409437875            -350.87340930282727           2546.49892674665              0.03156110829923647           0.004672441003085076          
7750.0                        280.36246978607227            -349.0451687032057            1.7757423719839287            -350.82091107518966           2546.49892674665              0.038432494517714653          0.0038478467253848223         
8000.0                        241.18993424925304            -349.4449839509691            1.5276338030165721            -350.9726177539857            2546.49892674665              0.03321056185698285           0.003891383381853316          
8250.0                        266.9075560008862             -349.365241581691             1.6905224759758197            -351.0557640576668            2546.49892674665              0.0334228247246087            0.004896881728712849          
8500.0                        358.07578784350017            -348.8173923535313            2.26795815196096              -351.0853505054923            2546.49892674665              0.03398923229647607           0.0039289226089986315         
8750.0                        320.6539524983182             -349.1118159326207            2.030938058970088             -351.1427539915908            2546.49892674665              0.03017092198065575           0.004524685625758602          
9000.0                        293.03871320579225            -348.8918496142735            1.8560303740662154            -350.7478799883397            2546.49892674665              0.029836019788456698          0.0052890961611003805         
9250.0                        346.23378886536767            -349.03622146211245           2.192954035431006             -351.22917549754345           2546.49892674665              0.03289413368366691           0.0026756711727629347         
9500.0                        322.7025274286533             -348.63351719660807           2.0439131954380887            -350.6774303920462            2546.49892674665              0.03202577385541925           0.0049866469992746075         
9750.0                        295.5482871852353             -349.115475378849             1.8719253576363264            -350.9874007364853            2546.49892674665              0.03783612016226737           0.00046660611760315486        
10000.0                       326.0125692931326             -348.5451962388958            2.0648781327076224            -350.61007437160345           2546.49892674665              0.034549156871749594          0.00468208227646692           
10250.0                       287.279594269254              -349.02233529438195           1.8195536247755224            -350.84188891915744           2546.49892674665              0.036314096112092444          0.004885900697760202          
10500.0                       271.6589233052616             -349.1045907115016            1.7206163906630334            -350.82520710216465           2546.49892674665              0.033726457832059825          0.0027206271572946237         
10750.0                       294.3293089581538             -349.4735369384881            1.8642046691646983            -351.3377416076528            2546.49892674665              0.033122341295645515          0.006544162985728669          
11000.0                       286.55056216892854            -349.3197081578714            1.8149361266058417            -351.13464428447725           2546.49892674665              0.02888141161690492           0.005281749833982818          
11250.0                       338.5192990579517             -349.1846757291807            2.144092479746611             -351.32876820892733           2546.49892674665              0.025805188573368307          0.005041243791326091          
11500.0                       252.24640387590082            -349.3815503596834            1.597662582601703             -350.9792129422851            2546.49892674665              0.03278076353937015           0.004402621948395508          
11750.0                       333.3328930282956             -349.0344798592072            2.111243143841557             -351.1457230030487            2546.49892674665              0.03299137366438254           0.0028243081589390644         
12000.0                       323.09570651878374            -348.78753506718976           2.046403488702574             -350.83393855589236           2546.49892674665              0.03025474108591035           0.0027660777266401253         
12250.0                       287.2668262078292             -348.98543574207264           1.819472755222271             -350.8049084972949            2546.49892674665              0.02950235163150518           0.0016232791111394768         
12500.0                       331.96181316190865            -348.72506517613266           2.1025590834679444            -350.8276242596006            2546.49892674665              0.03327691082847731           0.0037879715516007284         
