CMo16S32_fa737f
time                          T                             E_tot                         E_kin                         E_pot                         V                             MSD                           P_internal                    
0                             300.00000000000017            -344.5488650306413            1.9001213393563963            -346.4489863699977            2546.49892674665              0.0                           0.017471269418179322          
250.0                         297.19352207798977            -347.8107991215571            1.8823458440629144            -349.69314496562004           2546.49892674665              0.009810644632146537          0.007859761836561938          
500.0                         330.6008812519396             -347.9785164927386            2.093939297589467             -350.0724557903281            2546.49892674665              0.010235796810587743          0.008860151245521627          
750.0                         328.7765586996264             -347.5962708936227            2.082384516884402             -349.67865541050713           2546.49892674665              0.0078836286810293            0.007023598164394333          
1000.0                        253.23841820932097            -348.6019507686627            1.6039457412812999            -350.20589650994395           2546.49892674665              0.02195046050090948           0.007541671828035987          
1250.0                        271.81038680959836            -348.4109522207277            1.7215757207854463            -350.13252794151316           2546.49892674665              0.026447255222051245          0.003348797715446344          
1500.0                        292.6502444179348             -349.1282666898515            1.8535699146212758            -350.9818366044728            2546.49892674665              0.03579513887959651           0.005264720525827695          
1750.0                        244.6790104902806             -349.03408116017835           1.5497326970839649            -350.5838138572623            2546.49892674665              0.030328186604012864          0.006677379324705835          
2000.0                        302.4118939940708             -349.004932942644             1.91539764351106              -350.9203305861551            2546.49892674665              0.028754047582880346          0.005974288378639777          
2250.0                        273.6222518852837             -349.00010187458435           1.7330515990999271            -350.7331534736843            2546.49892674665              0.037059624086657306          0.006927471284131148          
2500.0                        305.2316852100805             -349.1815026776033            1.9332574617179594            -351.1147601393213            2546.49892674665              0.035075854212958016          0.0027865192400760206         
2750.0                        362.3153651428093             -348.6143455294183            2.294810522948521             -350.9091560523668            2546.49892674665              0.029943528440471816          0.004801505163138753          
3000.0                        263.30180848584575            -349.20888589272255           1.6676846166502877            -350.8765705093728            2546.49892674665              0.03780211411708805           0.0030028688713324564         
3250.0                        295.6699743306809             -348.9445145310242            1.872696092108948             -350.8172106231331            2546.49892674665              0.03859027160580752           0.0019262219284835059         
3500.0                        308.4067828718752             -349.0844114059523            1.9533676977903482            -351.03777910374265           2546.49892674665              0.03374700689846171           0.007332873139907932          
3750.0                        318.63475926544953            -348.90239729345086           2.018149018469895             -350.92054631192076           2546.49892674665              0.031213283676970616          0.005634159280925248          
4000.0                        290.84262296920065            -349.0234155572607            1.8421209143272155            -350.8655364715879            2546.49892674665              0.03223581858059775           0.00355210449302043           
4250.0                        351.71949070013756            -348.6876853594877            2.2276990324896486            -350.91538439197734           2546.49892674665              0.03506247586629083           0.004163921498185599          
4500.0                        358.57097945649093            -348.5861395734801            2.2710945657973403            -350.85723413927747           2546.49892674665              0.027532280112951668          0.00527652418188125           
4750.0                        283.34666700700745            -348.74082247250766           1.7946434947184184            -350.53546596722606           2546.49892674665              0.030120388652904704          0.006422429761548601          
5000.0                        272.32401529171176            -349.2697839422482            1.7248289089166629            -350.99461285116485           2546.49892674665              0.03902708117266902           0.004792253151955961          
5250.0                        328.984632328711              -348.85487504448827           2.0837024006936717            -350.9385774451819            2546.49892674665              0.037841269363596296          0.0030344471954613476         
5500.0                        280.0971623888156             -349.5426965709346            1.7740619844938736            -351.31675855542846           2546.49892674665              0.036386398981367245          0.001259959536195728          
5750.0                        307.1794867816502             -348.88488345957444           1.9455943261545312            -350.830477785729             2546.49892674665              0.03465207183835761           0.006562121421329298          
6000.0                        299.330628512236              -349.10790952271003           1.8958817158635382            -351.00379123857357           2546.49892674665              0.030192482310405194          0.0047766242992647165         
6250.0                        294.5652709927479             -349.43559127344906           1.8656991908220657            -351.3012904642711            2546.49892674665              0.032252757577342084          0.003377288543930219          
6500.0                        365.2836167906112             -348.2200438628901            2.313610650603748             -350.53365451349384           2546.49892674665              0.03048232653912559           0.006781479725975069          
6750.0                        318.1864168579951             -348.90108581105585           2.01530933521742              -350.91639514627326           2546.49892674665              0.035257424413213875          0.002869745022994545          
7000.0                        297.4174120717842             -348.99636962938064           1.8837639045791719            -350.8801335339598            2546.49892674665              0.028277361496027945          0.007111488575498616          
7250.0                        305.68156629531114            -348.84117468138993           1.9361068905520245            -350.77728157194196           2546.49892674665              0.029497639413354624          0.006182804500556715          
7500.0                        250.486017444152              -349.55566768421323           1.586512756520105             -351.14218044073334           2546.49892674665              0.033920179552478405          0.0046278853962295795         
7750.0                        297.6135425259415             -349.12564811283886           1.8850061434499785            -351.01065425628883           2546.49892674665              0.03810337390620652           0.006804502936249683          
8000.0                        329.89673612072994            -348.9042403020104            2.089479426956749             -350.99371972896716           2546.49892674665              0.03648321307076519           0.004181816681713398          
8250.0                        262.8661225833183             -349.2296385923455            1.6649250963814572            -350.894563688727             2546.49892674665              0.0376782526976554            0.0029049000282283435         
8500.0                        310.00088128149184            -349.4694081980309            1.9634642991408373            -351.43287249717173           2546.49892674665              0.02757795947194815           0.0021188745750529325         
8750.0                        352.98359381770035            -348.91945472320594           2.2357055301857423            -351.15516025339167           2546.49892674665              0.032929796105060825          0.0047247990286811556         
9000.0                        395.73196257899315            -348.4306897151285            2.5064624892057714            -350.93715220433427           2546.49892674665              0.03019696358619592           0.0048890316727455375         
9250.0                        256.78885029386043            -348.90233516839953           1.6264332471738632            -350.5287684155734            2546.49892674665              0.028948343020257103          0.007545827027612274          
9500.0                        333.5380962977297             -348.8123891423041            2.112542847545415             -350.9249319898495            2546.49892674665              0.03172899238476124           0.005013366194544883          
9750.0                        303.7692285427959             -349.33024400201              1.923994644646654             -351.25423864665663           2546.49892674665              0.03595120949031829           0.005760494358009331          
10000.0                       292.8270709699762             -349.20048245274563           1.8546898876376048            -351.05517234038325           2546.49892674665              0.03424274757743437           0.004324350518201163          
10250.0                       274.502071703562              -349.51216146757906           1.7386241471382586            -351.2507856147173            2546.49892674665              0.028766372519370715          0.004477973726972957          
10500.0                       326.3838406970104             -348.93231998755346           2.067229668431626             -350.9995496559851            2546.49892674665              0.031146359070490577          0.004375781932892482          
10750.0                       283.0491031187189             -349.59134325274533           1.7927588030718886            -351.3841020558172            2546.49892674665              0.029184973668439158          0.0076306138610827134         
11000.0                       307.0003576873534             -349.22965979572416           1.944459769439288             -351.17411956516344           2546.49892674665              0.03233215430102123           0.0055639453100593235         
11250.0                       316.3606927592292             -348.8230192382089            2.0037456774846123            -350.8267649156935            2546.49892674665              0.03672018077612666           0.0034031053118971006         
11500.0                       333.42001466100595            -348.9745241899903            2.1117949494196653            -351.08631913940997           2546.49892674665              0.0267089194697698            0.004887142698469183          
11750.0                       321.20300950183076            -348.52355890360633           2.034415642066412             -350.5579745456727            2546.49892674665              0.036715221863586354          0.003255708597838183          
12000.0                       292.04533360249036            -349.4798040043337            1.8497385681251644            -351.3295425724589            2546.49892674665              0.03822224309481671           0.004846989139877404          
12250.0                       290.51788372136974            -349.31282833259945           1.8400641010787822            -351.15289243367823           2546.49892674665              0.03750247978673943           0.003092722939711391          
12500.0                       316.75742267026556            -349.3102246554726            2.0062584607176825            -351.3164831161903            2546.49892674665              0.03276524388575045           0.005990809588366089          
